8.4522768
11.226637
9.9240111
9.2742982
12.691585
6.5073441
7.9331739
7.812185
8.519811
8.4962619
8.7005973
6.9486951
7.1677376
6.7824184
8.0223815
8.7037034
10.066741
7.8766067
8.5504554
8.8239707
7.1195911
14.587199
11.349564
6.8581472
9.8465789
8.081955
12.051153
4.9093909
12.001162
11.040423
9.2466634
8.2078308
8.7842903
11.128482
5.6933181
8.9024621
9.2362201
10.31604
9.7932211
7.4686572
15.29339
6.9250867
8.4267841
6.4833255
7.2121575
11.884049
9.1570772
8.4412048
8.4556878
8.4493883
9.6384339
7.2472806
9.9839065
9.2113206
7.6192412
9.7521272
9.5762739
7.9495513
8.2276153
10.007894
8.840315
12.12108
10.012898
9.5821728
6.3197775
5.404932
10.075647
10.641715
11.732313
10.116666
7.6370117
8.2690016
7.3854176
8.7237376
10.354978
3.4869282
9.1695162
10.391309
8.758371
13.161771
9.1848555
10.842649
14.017543
8.3950153
8.2515255
9.0496388
7.2310572
9.4923801
10.263926
9.9286648
6.1194306
5.2372241
9.4560148
10.967725
9.8637739
8.1630706
9.4735551
6.9940607
6.7423896
11.126063
9.7638196
8.6713023
9.5579999
8.8260144
10.154251
4.8654541
10.115245
12.171677
6.6181284
10.891194
7.1437549
9.5065387
8.7172529
8.0402273
9.3916645
4.3554488
9.9660772
7.300027
13.578103
10.282892
8.8556116
11.970253
12.171015
2.8635279
11.44683
11.723155
7.6310904
9.3121386
10.570421
4.9590775
9.7333778
11.19283
7.4659948
10.690134
7.4249592
6.5048456
8.6900611
5.6236844
12.616555
9.4734389
7.6104219
9.4182404
7.020428
2.9038702
9.1976519
9.1947906
7.6617573
8.1165441
8.0590355
8.5092777
10.503332
8.4710836
9.1218718
5.7873171
9.9739563
11.227249
10.532097
4.9486429
10.281709
7.2355202
8.8140836
6.4012129
13.117227
10.044572
10.098524
10.159924
8.4195669
6.0622662
9.0413049
8.32885
8.6249053
6.5434097
7.2595177
8.0650873
9.5367695
11.182196
5.9925466
8.5830207
7.7045899
11.531446
4.7748165
8.0444515
9.5640254
8.7474976
11.227508
7.0680821
9.4448697
10.376142
6.0286079
10.343419
9.4222713
9.2414091
7.1157279
7.2853151
10.457213
8.1385115
6.5176066
6.9237002
6.4929142
9.970633
9.5671002
9.591617
8.2967475
10.77425
4.3300178
9.6587853
9.6672988
7.4752396
5.636142
9.9537482
8.7127183
9.776224
8.2423735
9.6641097
6.0775068
14.357833
10.339628
7.9249694
8.4986329
8.584822
14.690294
8.8299765
10.309007
8.5232262
8.5076729
10.447756
7.8850858
8.2675575
9.4402502
9.8560578
6.790819
9.5374721
9.5777555
7.8436184
10.633643
10.996085
7.8245973
10.366957
2.7350921
10.369521
8.4843293
8.3594811
11.972232
12.24164
5.6567682
14.606538
9.7402834
4.7418954
7.2655179
11.442554
7.8539968
8.8871428
10.448897
10.538442
9.2153555
9.443185
8.6173343
7.4792453
9.317097
5.5177541
7.120478
12.044048
10.825251
6.2620754
13.674392
6.6847659
10.437232
7.5161599
11.302724
8.6101039
7.6220239
11.545502
7.8784005
8.1034672
12.888423
6.1914389
6.8569119
8.9407193
5.9104415
7.0182089
9.744918
8.1296015
9.4919646
8.4175932
9.9233036
6.6692537
9.2102977
10.254399
9.0903933
4.9060368
8.9705122
9.7466806
9.8891376
10.98374
8.554191
9.5703254
5.7708978
8.1645468
12.130179
7.8604534
8.9569259
5.3317261
12.654392
12.547871
6.0160935
7.4172761
6.3287731
8.8090008
9.0620749
6.163509
9.0865545
6.7729046
9.508018
7.9149008
6.8017569
7.513827
10.330084
9.961395
9.1021923
8.6724673
12.703358
6.619248
10.139522
9.9521238
9.9990108
13.745238
9.2068835
8.8968099
7.1288182
9.3542979
8.0086685
3.7297503
9.2502276
5.6663055
8.9832786
5.9480295
13.378684
10.17589
8.1940374
9.5805457
9.9981937
10.037909
4.6516724
8.7954739
8.2122194
10.001723
6.6106638
8.2267301
8.7964284
7.6649687
6.7621904
7.6799956
9.0891035
7.7809052
9.5996433
6.7225341
8.3263721
11.267129
8.0036361
10.774177
9.4918906
8.6627868
5.7059568
10.125093
10.766729
8.4022491
7.6239723
8.4186804
7.6272781
6.9685756
10.105175
8.0363632
9.4342879
10.497873
8.0917881
8.4853449
6.9116309
8.1892117
10.178163
8.3751972
11.658942
8.9079806
9.5137383
3.6594432
10.943481
8.8876537
7.1281853
9.9629749
9.2145469
10.444403
9.1283208
7.084126
7.0260335
10.562879
7.0877306
1.2600152
10.000603
9.2268124
8.9637087
10.718574
4.7516907
9.6385299
11.431028
11.30965
5.7651469
9.5170421
8.8592873
10.114452
10.024811
10.702603
7.4073314
9.6311846
6.3870015
9.6263827
10.273169
9.1807239
8.8872908
4.295013
10.242078
6.7219426
6.3999781
8.1864432
10.540828
5.8834018
11.094671
13.218427
7.7487416
11.148838
9.956347
9.7296931
9.1815738
7.6570176
9.667235
10.206126
8.2802766
11.117278
11.778874
7.2562412
8.248006
2.2047769
9.289657
12.688255
8.6621748
8.0200629
8.9529121
9.3487136
13.571395
11.395656
9.9657933
5.4380587
8.5740291
8.5654668
9.5554997
5.7101698
9.662452
10.775222
9.5473988
7.8157752
10.428953
7.7703658
10.38269
10.654269
9.9727804
6.8521397
9.0499882
5.1660052
10.264328
9.1431927
6.1626803
7.8867344
9.4958837
10.118811
11.980313
5.5670053
9.8104347
9.9467985
8.1107074
10.040369
11.4847
2.5196797
10.272387
5.7137266
10.262365
11.622371
9.441169
9.8219955
8.583062
10.724255
7.2326716
8.8846022
6.9703856
12.796491
9.153015
9.6302313
8.1190987
9.229056
15.607073
9.1493926
8.4734138
6.4411819
11.31925
7.006828
9.4718014
11.725331
8.9215146
10.150159
4.7459597
10.416362
5.5856552
8.4436322
8.9399705
11.00396
9.4839031
10.787427
16.172584
9.2319995
9.5053909
8.4427359
5.0349308
9.0740137
5.9650206
9.2985527
11.416231
8.7414399
10.008485
5.8623028
11.941395
9.6841463
3.6986691
7.9804447
8.4585932
10.391943
10.727368
7.3862624
9.6475651
9.2738052
8.6111347
6.9678448
10.798625
9.3648369
7.1362485
7.6471411
9.1565114
6.7683231
9.9838906
6.6452914
10.609663
8.721931
11.374306
11.038665
10.996366
8.9478866
8.1660537
7.1073562
8.6572982
8.7092077
8.9265837
8.7320534
12.139326
10.113137
10.552507
12.174253
9.4655378
6.8572885
9.3715725
7.8370536
6.6760323
10.826057
9.5026752
10.003503
9.4179569
7.5609901
7.65532
9.3589608
10.36293
7.0196471
10.261831
9.087829
9.5547857
7.440654
7.2698862
3.9865464
7.5445368
7.921708
11.652261
14.670695
8.7866877
12.471849
7.78951
7.6420844
9.248054
8.2709286
9.9704409
8.1802405
8.3030828
9.4669772
3.9940225
7.9104872
10.033518
10.584288
9.466112
8.792962
8.6949657
9.1583697
9.9539768
7.4903368
10.102827
4.7518075
10.111714
13.545346
4.4183907
8.9958959
11.559327
6.7272335
2.8019323
7.2901018
10.102323
9.4611646
6.3534996
7.8497186
11.562428
4.0902673
8.4124447
6.2369926
8.5819387
10.345039
9.3420438
8.3848476
8.4583425
10.668537
9.714337
8.834
7.6377549
9.2063883
10.325558
8.6640935
10.916616
7.8347791
9.9582464
7.7593067
9.5966662
5.0858677
10.607697
9.4168818
10.256721
9.0180045
10.205727
9.3410639
9.3959988
10.927485
9.8688083
7.0649186
9.4283183
6.9488265
5.1793679
8.2213962
5.6682081
6.394823
7.3551794
9.0378525
9.7598793
14.106857
9.928396
3.5370792
7.5707951
6.4211829
4.3207446
9.2510019
6.2251531
5.0823224
8.4579275
9.2126656
8.8595688
8.6459421
10.953725
9.2840564
7.2479396
3.919398
9.0789265
6.6738908
8.9727886
9.2038795
9.7769704
8.2540882
9.5920358
12.895534
6.6475604
11.724825
7.5681257
9.5109451
9.2942286
10.576009
7.0668622
11.374133
9.5642704
10.319303
10.516049
4.2497837
12.747099
8.435504
10.15458
7.6939515
7.0434575
6.5294454
9.6691004
13.238875
9.8279693
9.1826919
7.2766249
11.402623
4.7322902
12.951719
11.74488
9.7483239
10.204607
11.400319
8.2639668
9.1773339
8.486649
8.9784186
8.9411701
10.559185
9.6121568
10.270117
9.4060739
9.6038257
10.481201
9.0886515
10.953567
5.5303641
6.9162256
12.053389
9.8794466
10.534171
6.4890436
11.399618
8.8165264
9.5197031
13.367189
9.0608074
7.715994
7.6781797
8.2263335
8.3883876
10.451369
11.775181
11.256465
8.3449445
7.431506
10.420821
7.7230917
10.813545
8.1263418
6.7479647
9.6247049
7.2777324
8.1941122
6.6262695
10.470136
11.115319
7.8588979
7.9079225
10.749347
8.2573212
9.3032671
9.403877
10.964065
8.6358375
10.967045
9.3173288
9.2934741
8.8189348
10.265081
7.7394676
11.19321
11.651421
7.2473369
8.3314082
12.927618
10.20846
10.176029
7.1306369
8.3677714
11.14739
8.9142565
6.8350779
9.5516936
8.1858667
8.6213689
8.2496521
7.5219901
10.341504
5.7085599
10.259213
8.9157948
10.160417
8.4942688
8.389282
10.426269
10.909562
7.7386859
11.363499
7.370739
9.2843303
6.2068533
6.7101907
9.2138895
9.5477469
11.514912
10.535085
7.3775845
10.8721
7.886482
8.2034781
7.1307123
11.913922
8.0117779
9.1676711
11.75903
5.9489612
9.4328083
9.0135844
8.8711478
5.7650734
10.446862
10.649397
10.95204
6.2473943
9.7183846
10.173075
8.6992971
9.5822614
9.5336889
11.578065
9.9859373
9.1288371
8.4818424
10.35272
10.087046
8.3519186
7.5714246
4.6896183
8.0532154
7.724867
7.7643981
9.0995632
4.3017604
5.2585427
10.946332
8.3344983
14.033888
5.8382018
5.031747
8.359176
8.5176821
7.8417023
12.924616
8.983866
9.5145176
12.187587
12.759311
10.271463
9.0931864
8.8773051
9.2631046
8.068384
7.2108883
9.858663
10.217797
10.226222
8.4320754
8.2980522
10.477498
12.112016
10.061302
6.9203955
6.9744959
9.7001871
9.9685213
11.943079
8.8435181
7.7369368
4.6652418
13.569004
8.6938868
8.4508387
8.632887
7.7995179
12.772428
10.539738
9.1016356
9.2541009
9.1101219
10.070152
9.1794418
9.1254828
10.361524
12.46105
8.7409915
8.7957475
8.6997916
8.9687497
13.097512
8.7239874
5.4837501
7.7025343
9.7769758
9.3103445
9.8759168
8.8213828
9.0163332
9.9740554
6.2638561
9.2336693
11.548833
7.9292953
10.854187
8.1907825
7.5310856
7.9923999
11.252452
7.4668487
8.0211767
9.2310735
11.248366
8.5625467
8.969953
10.104434
6.7516963
8.1012179
8.6861666
7.8476347
10.569752
8.3652848
8.7504369
8.3497355
8.7234091
14.49044
9.8885261
8.0593837
3.0302882
7.4918943
8.8264314
9.6857094
9.7074776
8.0728905
7.8816011
8.6194232
3.9025576
8.2974485
8.491316
12.408974
7.9652133
9.5233703
8.0741453
7.0760811
8.437832
11.332919
7.7354269
11.338806
10.259988
8.9152317
9.7371016
7.5916503
10.161834
7.7826705
6.5449431
13.031465
7.126221
11.01094
5.4606959
9.9065596
7.9116137
9.3211026
4.8336416
8.8503997
11.295723
8.6110586
9.3007784
4.9149254
12.21393
5.906518
8.4593488
8.5915914
9.526317
7.1665772
11.326375
9.7659912
4.8860821
9.1862702
9.6348286
7.5393371
5.8936605
9.3230129
11.879887
10.928573
9.0275127
10.632741
10.79656
6.8764168
11.152252
9.1083979
7.9686266
9.917233
10.466207
7.6276811
9.7858239
7.7575039
8.2695991
5.7756967
4.9522409
3.8089188
9.9678173
8.6485708
7.0803971
10.398618
11.788678
9.4667144
7.8985454
8.663
12.156925
6.2724071
9.8539041
7.8757709
1.5236792
8.9125367
5.1109712
10.260258
8.6767182
7.1174875
5.1129023
9.1183314
9.0811913
10.057847
9.1090846
8.2879891
8.0191233
9.766925
10.421814
7.5414324
10.161834
8.6213831
6.5400481
8.2783442
8.6806231
12.738807
7.4584557
13.522304
12.268729
8.933692
8.5760871
7.5839261
4.7171802
7.9448236
7.6820175
10.265677
7.5787537
7.0608716
9.7888557
10.347367
8.7604029
9.699483
8.5160675
9.4324528
1.2302836
9.0297865
10.781515
11.496583
10.888183
12.652465
7.9405855
9.2030076
7.8101063
6.1187104
9.3081674
11.241006
9.3535957
10.633593
9.6629088
7.0046007
7.9420938
10.659996
8.1809514
7.9387344
9.9504042
8.7317821
8.602213
11.568613
10.352653
13.80368
8.118489
6.4414721
9.0892728
10.992079
9.8114091
11.299295
8.0801414
10.705774
8.7170671
9.8924867
10.647185
7.2095367
6.7917662
11.002037
5.2594071
10.164324
8.9090678
8.7828211
10.011655
12.219145
11.375335
9.3448723
9.5632382
11.163749
8.5348431
10.237213
4.7876109
10.729798
13.26869
9.2201523
8.8097206
4.84216
10.074884
10.801888
9.3154516
8.0810175
6.4850118
9.0841111
7.1399615
8.4111015
7.9639182
14.784314
10.446564
7.3785612
9.7611879
5.394025
5.1825597
6.8841729
10.398642
12.083029
11.534799
7.7591101
9.4526601
8.1479192
8.6734843
9.5380677
11.336469
7.0788202
10.202583
9.0884946
6.3747443
10.102683
10.193349
6.7827578
10.139261
8.0108162
12.265198
8.4071014
12.186003
6.6520167
8.6404492
7.6303156
3.0892077
8.2255322
8.484194
9.9629148
5.3091997
7.9517902
5.3915114
13.676108
5.3143329
7.7772641
8.6245679
5.8039899
13.130757
8.2597743
8.4364235
8.6953719
7.4869643
6.514826
8.8783825
3.0366992
8.991731
9.5090208
6.7165313
8.0007668
7.6869015
4.2675299
11.781476
6.9345996
7.1540142
10.780702
8.1201938
5.5888793
9.6565195
8.8051425
8.6091383
4.8600334
8.9100554
13.050006
5.6707227
9.4690568
9.2504509
8.7282215
9.1676948
8.9086025
8.7786183
8.9684523
9.7131556
10.991893
10.032298
9.2478028
8.8145911
6.6092242
7.2514996
4.0520539
9.5207449
6.2172739
9.8618038
7.4141529
13.018927
5.2679727
8.6866993
8.9374572
9.269491
12.129181
6.9993994
10.305543
9.0662122
8.1683735
10.955984
6.130049
13.376994
3.5391232
9.0629102
10.133669
8.7520658
9.5087315
10.796258
9.2522997
8.8296419
10.254258
10.036982
9.5566805
8.694939
8.1587707
9.2328446
8.6492582
8.5842385
9.7185326
8.8411958
9.9694134
6.4620767
7.3871382
8.4404126
6.7137696
9.3083933
7.9146621
12.167019
8.4670159
8.2854051
9.9647344
10.037192
8.7373649
11.136802
7.5051225
10.389242
8.0985958
5.9313206
11.169132
7.4289164
9.8271749
10.903833
9.8377675
10.146366
7.0893163
8.7700877
9.3917818
8.4906265
12.590205
8.3849405
10.131401
9.4422878
10.364641
8.1598939
11.590297
12.313265
9.9745686
4.6975717
9.0073121
5.117637
8.1393674
10.426832
7.8418949
5.5885
11.154545
13.806631
8.4160027
7.9681295
9.914744
7.5229911
7.5448291
5.1094049
11.178151
6.503185
8.4217244
7.8194876
6.1563975
7.6084511
8.5978218
10.608701
11.237147
10.754305
8.3433924
7.2328546
2.5890741
6.3195749
13.55911
8.6999481
10.023587
9.6745371
5.5623463
10.682925
7.818945
9.1060266
8.0300745
11.57748
8.8489195
7.7555372
5.6280644
10.943868
8.8994288
7.5620883
5.5592358
6.7916033
10.290876
10.668078
8.6264221
7.3829588
10.152201
9.4589273
9.112551
9.239253
12.411312
10.321559
10.931442
6.1064238
10.672212
8.5852487
7.4230526
11.166744
10.397789
11.530496
8.8616518
12.322394
9.9815329
11.85769
8.0459617
10.999617
6.2071186
8.1436722
10.159154
8.8519828
7.5040355
9.6182425
8.2092327
12.047974
8.5435208
4.1682602
5.2720796
9.2946433
10.075345
10.43836
10.247512
11.455696
11.049631
8.4161148
8.7099851
8.8020205
13.217649
11.576941
7.4597811
8.8168126
8.1102544
7.848967
11.460182
8.5356566
8.624933
12.029573
9.9064834
11.970284
12.490778
2.4248847
7.1590215
10.404544
8.6018155
11.36138
9.1066421
12.053371
9.2262421
10.776137
8.1523565
9.5726256
9.3141793
8.7596543
8.8763215
8.8792097
8.3240764
8.818161
8.495974
8.6074778
8.3437896
10.291231
10.202057
10.376798
9.838356
7.4774945
11.171426
9.7327827
11.283476
6.5420399
8.1722082
10.593332
5.798967
9.3190386
9.9616673
12.863316
6.6037299
7.4628988
8.3983703
6.4752648
9.3950649
