-0.92559402
-1.3143089
-1.2102852
-0.63810956
-1.0404907
0.038533878
-0.91666743
-1.1762032
-0.90154557
-1.3168637
-0.95688478
-1.2392378
-1.397214
-0.86922272
-0.57596909
-1.2454154
-1.0081069
-0.93503964
-1.2088263
-1.0232618
-0.95326224
-1.5860163
-1.1511159
-1.0706257
-1.0917839
-0.54225373
-1.7185052
0.84900176
-1.1997594
-0.9516813
-1.2080231
-1.2048588
-1.1159473
-1.025911
-1.3364695
-1.5062044
-1.2211992
-1.3153559
-1.2918987
-1.6030327
-1.7422505
-1.4852522
0.89894527
-1.1178706
-1.3349901
-1.1767055
-1.4845931
-1.367713
-1.0696228
-1.3118874
-1.0969058
-1.2451661
-1.2201617
-1.2578348
-0.83077758
-1.2212908
-1.5237201
-0.9035562
-0.93811543
-1.3723402
-1.0108242
-1.5253291
-1.237532
-1.2716992
-1.0675413
-1.0006586
-1.270187
-1.1631077
-1.247079
-0.75735966
-1.0312335
-1.0156969
-0.99926592
-1.7558816
-1.3059211
0.87831105
-0.96211989
-1.2004039
-1.2555649
-1.2479253
-1.1966276
-1.4218766
-1.382678
-1.0988134
-1.0215176
-0.84250026
-1.5843843
-1.0278294
-1.531656
-1.0336661
0.18351216
0.50200053
-0.97809995
-1.062525
-0.92163719
-0.62282995
-0.94725434
-0.97703546
-0.32556484
-0.76197795
-1.5595423
-1.5138968
-1.1961933
-0.840882
-0.34165763
0.32685485
-1.3562367
-1.2820826
-0.87775591
-1.2682466
-1.0571547
-1.2120856
-1.129968
-0.93913641
-1.5640667
-1.4309864
-1.3404908
-1.152797
-1.0504419
-1.2152968
-1.7912266
-1.2226814
-1.4363969
1.0099123
-1.258127
-1.3419042
-1.1159936
-1.1488765
-1.0945328
-1.2218842
-1.2817068
-0.95649247
-0.98942462
-1.1344309
-0.7457331
-1.1191374
-0.61843361
0.37031579
-1.4591133
-1.2403892
-1.4298678
-1.2604003
-1.2996203
1.1513147
-1.129872
-1.2924029
-1.2567791
-1.2749738
-1.123396
-0.62273042
-1.3282924
-1.5912992
-1.3242304
-0.075470746
-1.3332204
-0.98934241
-1.3554468
0.49157409
-1.1818874
-1.3858224
-1.2971025
0.03570172
-1.1914185
-1.2024732
-1.2272634
-0.88512118
-1.0262139
-0.76451328
-1.2538288
-1.2502863
-1.3919815
-0.89139778
-1.1912631
-1.4551137
-1.3878521
-1.0128835
-1.0147017
-1.1807371
-0.86971671
-1.5463134
0.63726179
-1.1084731
-1.1964115
-1.0911732
-1.2906274
-0.70769915
-1.2738064
-1.3590443
-1.1017109
-1.1225243
-1.2580548
-1.2552
-0.92628371
-0.81775807
-1.2807693
-1.3056431
-1.3672081
-0.75393778
-1.5468097
-1.5502603
-1.2462176
-1.3472661
-1.0943877
-1.2606571
1.3734846
-1.303256
-1.3668971
-0.50709458
0.38010444
-1.2869371
-1.4978557
-1.1530897
-1.0665662
-1.0558093
-1.3616003
-1.4132898
-1.1734318
-1.1759274
-1.5035987
-1.1936311
-1.2701889
-1.3130072
-1.1700207
-1.2935742
-1.2222236
-1.0967884
-0.79754604
0.27323339
-1.0333204
-1.0251709
-0.95805637
-1.0948366
-1.1988251
-1.0061782
-1.3633232
-1.3724957
-0.96350166
-1.0241622
0.99058709
-1.0417588
-1.3046531
-0.8747362
-1.3689625
-1.6211106
-1.4374572
-1.0013852
-1.2886516
1.1126948
-0.14478989
-0.98665234
-0.81195964
-0.72899645
-1.1091147
-1.0492323
-1.1206151
-1.3115151
-1.2074525
-1.507746
-1.1322866
0.051696534
-1.427776
-0.97273574
-1.5267491
-0.94026507
-1.4676171
-1.0323564
-1.1929026
-0.34731875
-1.0095467
-0.9490239
-1.4056122
-1.3568193
-1.024676
-1.0823626
-1.4829058
0.63335983
-1.2040075
-0.88927281
0.035705481
-1.1453175
-0.68866852
-0.59620976
-1.178888
-1.0226909
-0.84300326
-0.68164771
-1.3726079
-1.1517703
-1.0786548
0.46872103
-1.2295832
-1.5082999
-0.92188062
-1.0455341
-1.5085274
-1.3574421
0.24376979
-1.0301812
-1.1522393
-1.6844326
-1.1395478
1.0965092
-1.2411145
-1.2184071
-1.0858783
-1.3156227
-1.0461854
-1.2197872
-1.795146
0.24616935
-1.3653411
-1.2645044
-1.046265
-1.2308388
-1.1120077
-0.12401272
-1.1506897
-0.96404524
-1.3178653
-1.1387256
-1.4045237
-1.293079
-1.5452987
-0.85298223
-0.90973138
-1.4003047
-0.91797026
-0.9400519
-0.28368202
-1.246328
-0.80842645
1.0378586
-1.1916369
1.201876
-0.84313708
0.68762598
-1.1874783
-0.95499725
-1.4972705
-1.3858451
-1.2966308
-1.2990423
0.67579692
-0.90672606
-0.86179014
-1.3800085
-1.1728498
-1.495949
-1.2516376
-1.2004923
-1.622642
-1.5342534
-1.1080622
-1.1049054
-1.2627049
-1.627135
-0.82420111
-1.0054002
-0.56341896
-1.0915019
-1.3164588
0.88738007
0.20453113
-0.95370563
-1.3107601
-0.65651733
-1.0748638
-0.93919806
-1.0096258
-1.1344528
-0.72597593
-1.6431315
-1.2375687
-1.2651038
-1.0496388
-1.8797022
0.17993817
-0.73744802
-0.92848387
-1.1971756
-1.496804
-1.1456033
-1.2964919
0.42231056
-1.5374252
-1.2470655
-1.223496
-1.5197647
-1.0699612
-0.95020912
-1.1685742
-1.4261122
-1.0263436
-1.3154745
-1.2979273
1.303875
-1.1072798
-1.3113304
-1.2605192
-1.1801195
0.34206691
-1.3189955
-1.3013798
-1.4387107
-0.12284267
-1.3812443
-0.88652985
-1.6281178
-1.1774243
-1.2976231
-1.4977867
-1.3029225
-0.72805188
-1.0153122
-1.1041737
-1.2350655
-1.2847718
1.2999407
-1.2478247
-1.1041976
-0.2319048
-1.0837029
-1.1618541
0.044053244
-1.4494558
-1.2800056
-1.0988336
-1.0988543
-1.3127255
-1.2756512
-1.6414114
-0.38343995
-1.3274361
-1.1611597
-1.2197608
-1.3987887
-1.3058752
-1.1776712
-1.4964561
1.9715164
-1.1628063
-1.3309755
-1.1822861
-1.5468035
-1.3370072
-1.4731797
-1.2217065
-1.096594
-0.96382975
-1.4279286
-1.1854411
-1.234556
-1.211032
-0.76820686
-1.1069797
-1.2804037
-1.1706132
-1.1677944
-1.1250058
-1.3406989
-1.1676559
-1.1168187
-1.175692
-1.5048521
-1.7330481
-1.2645649
-1.4804743
-1.1499379
-1.1870105
-1.5793333
-1.0910436
-1.4454374
-1.2514871
0.34892306
-0.86117603
-1.4774004
-1.0571582
-1.4886795
-1.3077984
1.4052054
-1.3139374
-1.3778578
-1.4046754
-1.1138478
-1.169754
-1.4305424
-0.81501388
-1.0389811
-1.2341238
-1.0121726
-1.0479161
-1.1755864
-1.176468
-1.2489276
-0.32683717
-1.058211
-1.862334
-0.93641178
-1.5497213
-1.0154678
-0.93824183
-0.6861979
-1.2619739
-1.2633697
-0.964109
-1.2079443
-0.71097038
-0.75122224
0.69018163
-1.2941586
-1.4010608
-1.2849574
-1.3011749
-1.1109772
-1.2130037
-1.5614809
-0.89823987
-0.91142816
-0.33900802
-1.385943
0.5251402
-1.3750829
-1.1382264
-1.1235296
-1.0192654
-0.23512341
-1.1577508
-0.54552127
0.63073708
-0.83917108
-1.1414097
-1.2681761
-1.1852471
-1.5664992
-1.5455038
-1.1065565
-0.76034292
-1.4934803
-0.97299709
-1.034106
-0.74367209
-0.57019636
-1.2177091
-1.2938285
-1.1800483
-0.86808569
-1.7118347
-0.61909668
-1.1864473
-1.3447696
-1.6511206
-1.3347055
-0.93568234
-1.3968642
-1.4398923
-1.3516229
-0.76061545
-1.1865656
-0.90481573
-1.0972384
-1.1589785
-1.5144337
-1.6055471
-0.97964044
-1.6720787
-1.0143877
-1.3322895
-1.1280475
-0.31498377
-1.1550161
-1.2436948
-1.1052145
-0.82965254
-1.0179399
-0.99585521
-0.027513706
-1.5070373
-1.6565166
-0.92401557
-1.2828356
-1.0411024
1.013331
-0.53781578
-1.5022014
-1.233066
-1.2007615
-1.294099
-1.2550761
-1.4615963
-1.2472379
-1.3228285
-1.011865
-0.96263917
-0.91556439
-1.2303575
-0.95696732
0.041880539
-0.99024287
-1.4092107
-1.2843821
-0.70374147
-0.40682976
-1.0884747
-1.4095853
-1.1995658
-1.2451261
-1.6509191
0.42027291
-1.1032514
-1.4446598
1.1455422
-0.68437903
-1.0191736
-1.1072022
1.3123236
-1.1230918
-1.5190778
-1.2369894
-1.2230327
-1.0048029
-1.1672503
0.12518586
-1.2193315
-0.43777902
-1.0034012
-1.4868559
-1.1770525
-1.2555349
-1.5752824
-1.2244705
-1.0220046
-1.1654378
-1.1469275
-1.0509373
-0.54867796
-1.4164254
-1.2529266
-0.92279189
-1.5422433
-1.4367597
-1.3716562
-1.2226601
-1.0622185
-1.0523308
-1.0318672
-0.79685176
-1.1142804
-1.1408808
-1.0633859
-1.1001462
-1.0615057
-1.2821973
-1.2162259
-1.3800349
0.25731189
-1.131286
-1.2009981
0.04692066
-1.2144018
-0.80748121
-1.2455922
-1.631996
-1.3792605
0.80697105
-0.27579443
-0.32011866
-0.24354743
-1.5761833
-1.2291603
-1.3356331
-1.2539335
-1.0771116
-1.0746139
-1.1965596
-1.4283214
-1.4226687
-1.4289581
-1.1736132
-0.77910302
-1.2209903
-0.31130273
-1.004757
-1.396018
-1.2590276
-0.80768896
-0.72310312
-1.4632482
-1.3573281
-0.94208079
-1.1034676
-1.3825184
-1.1144665
-1.3171013
-1.0115249
-1.2490365
-1.0798793
-1.1695044
0.62369248
-1.3268963
-0.97945164
-1.0481884
-1.0333926
-1.2437534
-1.212277
-1.5900034
-1.4103211
-1.0374278
-1.1510095
-1.5585851
-1.4444697
1.09235
-1.5895527
-1.4191798
-1.0761371
-1.1794535
-1.1721519
-0.69239341
-0.93880865
-0.74053239
-1.4037362
-1.1598476
-1.3111471
-1.5948058
-1.1132906
-1.2482957
-1.0886607
-1.2535096
-0.65552185
-1.3466349
-1.1144668
-1.001414
-1.40465
-1.3384586
-1.2042988
-0.95408139
-1.0025138
-1.2354614
-1.1209477
-1.4855705
-1.4290746
-0.97736712
-1.4758546
-1.3534899
-0.85420843
-1.2044702
-1.3517806
-1.319744
-1.1346759
-0.91712992
-1.7513051
-1.2728898
-1.053337
-0.33598784
0.51898499
-1.0565903
-1.4643993
-0.90603755
-1.2100804
-1.223241
-1.8080243
-0.36481238
-1.4114717
-1.3101566
-1.0269117
-1.1929432
-1.6494906
-1.3387361
-1.2921304
-1.6862709
-1.3299918
-1.4208583
-1.296527
-1.4580007
-1.0444792
-0.97247516
-1.0920715
-1.0594406
-0.49019715
-1.3257429
-1.1610611
-1.3574137
-1.3433578
-0.52530416
-1.1339948
-1.4312425
-0.9428053
-1.0395442
-1.3349766
-1.5201008
-0.8790716
-1.4332134
-1.2062179
0.72924861
-1.3449859
-0.96155059
-0.97079481
-1.3206444
-1.2113881
-1.105263
-1.5757511
-0.93159103
-0.98023347
-0.34020775
-1.0918647
-1.5265645
-1.2705464
-0.8049028
-1.2594529
-1.2524998
-1.1041947
-0.77954551
-1.0500182
-1.3323178
-1.2456365
-1.4349259
-1.3925241
-0.535116
-1.5542738
-1.4061426
0.56331131
-1.1228439
-0.9854655
-0.89486011
0.66372844
-0.96989541
-1.6346802
-1.2757661
0.68689019
-1.0699893
-1.6482615
-1.3656734
-1.2900992
-1.4584519
-1.1936894
-1.213839
-1.2242393
-1.1669752
-0.97822999
-1.1948434
-1.2007114
-1.2289095
0.2770992
-1.3612945
-1.1387645
-0.78391813
-1.4207745
0.65782977
-0.30878399
-1.1759668
-1.2097787
-1.4304023
0.23213176
-0.12387435
-1.2182973
-0.93430009
-1.4950801
-1.6456277
-0.80287519
-1.1250217
-1.0705098
-1.2159322
-1.2507772
-1.4166119
-1.4590398
-1.2995815
-1.1211289
-1.0382599
-1.0154844
-1.2161001
-1.2607807
-1.3944735
-1.1369035
-1.0115384
-1.4626412
-1.5905018
-0.30697733
-1.1766334
-1.2174815
-1.0364861
-0.98867704
-0.90432969
-0.78842287
-0.96757043
-1.0893954
-1.5452898
-0.97301533
-0.46922996
-0.74782824
-1.1489748
-1.0459299
-1.4968945
-1.0466092
-1.4771811
-1.1761379
-1.8014723
-1.0128714
-1.0359261
-1.2925695
-0.86837521
-1.0980567
-1.0542562
-1.0582168
-1.1423134
-0.89870505
0.51842
-1.2086651
-1.0843566
-1.0649037
-1.2644439
-1.0784159
-1.1496683
-0.98771554
-1.3317394
-0.85310252
-1.2670395
-1.0179102
-0.82454342
-0.9249181
-1.0911535
-1.2811192
-1.1557362
-0.36119957
-1.3126675
-0.96386429
-1.5197719
-1.1266804
-1.5678952
-1.3062629
-1.6611187
-1.0532304
-1.5376717
-1.0144823
-1.4103844
-0.77759175
-0.77235551
-0.90825236
-1.0628239
-1.045006
-1.5659216
-0.82557188
1.2992387
-1.0097109
-0.76911136
-0.83966247
-1.114005
-1.0984462
-0.42781824
-1.0450161
0.56497694
-1.426828
-0.80927258
-1.2502094
-1.2958879
-1.178057
-0.90962541
-1.2197597
-0.6551247
-1.0820882
-1.5534919
-1.2101111
-0.81818516
-1.108534
-0.99748073
-1.2030993
-1.3142385
-0.82644765
-0.15735019
-1.3949412
-1.3596794
-0.81607769
0.15961054
-1.2366414
-1.2206771
-1.175777
-1.3320624
-1.123894
-1.2339078
-1.2819079
-1.2060631
-1.3398849
-1.219582
-1.0495908
-1.2333431
-0.93368587
-1.2818504
-1.5360728
-1.449247
-0.95391724
0.7387428
-1.4308254
-0.91318381
-0.28349276
0.41287167
-1.3658645
-0.89587183
-1.1407158
-1.3836511
-1.4123542
-1.2221628
-1.4074554
-1.2467252
-1.4593743
-1.2548056
-1.2460743
-1.1296032
-1.0335558
-1.4042327
-0.85153158
-0.89621512
-0.0038454022
0.95331929
1.0171518
-1.1389393
-0.78289711
-0.3576537
-1.1770612
-1.1186788
-1.4831517
-1.065882
-1.2245513
-1.2633443
-1.391748
-1.5515353
-0.95097695
1.5672151
-0.7493739
-1.6109374
-1.446673
-1.2613951
-0.99000293
-1.1238861
-1.4197236
-1.0747671
-1.3757243
-1.316449
-1.4210533
-0.96538735
-0.9961346
-1.0591304
-0.97269157
-1.4806356
-1.0724059
-1.2669682
-1.3505115
-0.83946265
-1.0951213
-1.364778
-1.2588511
-1.2926105
-1.0554091
-0.87172866
-0.98791712
-1.3161729
-1.4923853
-0.64740936
-1.311454
-1.259041
-1.4486543
-1.2909475
-1.3243589
-0.95062761
-1.059537
-1.392435
-1.092363
2.272996
-1.4315401
-1.5137274
-1.2014878
-1.2569354
-1.3634132
-1.2991944
-1.3932437
-1.4191299
-1.4524573
-0.8778765
-0.94977142
-1.0269258
-1.1797319
-1.2119214
-0.99380386
-1.0116711
-1.3634304
-0.80308237
-0.51561727
-1.5878386
-1.2769495
-0.8155043
-1.4891426
-1.0352176
-1.5817611
-1.0030816
-1.3829722
-1.3119388
-1.216712
-0.9064065
-1.6032188
-0.98389804
-1.3804748
-0.70971304
-1.1442955
-0.78869134
-0.72247178
-1.2035521
-0.97181749
0.44598119
-1.1996866
-1.0943876
-1.464759
-1.3000526
-1.3180836
-1.2995919
-0.91510096
-1.2425411
-1.7536846
-1.0280125
-1.3433219
0.3103612
-1.2812394
-1.1129307
-1.0677458
-1.3374724
-0.48056126
-1.4555844
-1.1298944
-1.5721676
-1.3232669
-1.2886599
-1.6872662
-1.2094083
-1.3343531
-1.2598588
-0.97368364
-0.49502803
-1.3971895
-1.1272868
-1.5171165
0.38935084
-1.0515234
-1.3109546
-0.97699916
-1.452895
-1.3799393
-0.96902573
-1.0682334
-1.3438862
-1.2542925
-1.1451635
-1.1940094
-1.1916161
-1.1662065
-1.1286232
-1.5216337
-1.3021229
-1.2539223
-1.1374376
-1.3837744
-1.6831983
-1.1945592
-0.99530391
-0.91827104
-1.2305057
-1.0839499
0.77747372
-0.80271418
-1.0906995
-1.6383164
0.37888971
-1.233585
-1.4433454
-0.94547526
0.3774767
-0.79229546
-1.1267029
-1.7324918
-1.2965832
-1.3993086
-1.1016783
-1.3163798
-0.94915017
-1.5591959
-1.0469174
0.64624821
-1.1839379
-1.2363697
-0.077110378
-1.1523676
0.14387192
0.7581864
-1.4026596
-1.0446577
-0.91292143
-0.82110152
-1.1478489
0.39354424
-0.84146007
-1.2333335
-0.93140004
-1.3735245
-1.1572129
-1.229235
-1.4725744
-1.2662035
-1.3769089
-0.78277422
-1.2009034
-0.87803879
-1.0381635
-0.782785
-1.0844473
-1.0750288
-1.0519912
-1.1494563
-1.2882732
-0.89313798
-1.1053323
1.0325626
-0.84424848
0.17393627
-1.3602614
-1.1563877
-1.6327307
0.052729403
-1.2913278
-0.99819717
-1.420132
-1.1052441
-1.0332212
-1.5299262
-1.1496804
-1.4571063
-1.3922233
0.4012793
-0.83473786
1.2834266
-1.2010119
-1.2878099
-0.70105647
-1.1816592
-1.2963206
-0.85055464
-1.1325637
-1.3369695
-1.4848818
-1.5380363
-0.90944101
-1.0075164
-1.0920339
-0.94349816
-0.74221519
-0.82454718
-1.3110755
-1.6627452
-0.59294052
-1.0051013
-1.1586576
0.20129833
-1.0043341
-0.80610103
-1.5544404
-1.2065531
-1.1081991
-1.1369775
-1.613223
-1.3474095
-0.98028263
-1.643809
-0.98574958
-1.195498
0.11812946
-1.2545094
-1.1728006
-0.8190831
-1.1166252
-0.96438102
-1.1415455
-0.63433171
-0.58982099
-1.3956059
-1.3564253
-1.4345059
-1.0712336
-1.1555758
-1.138392
-1.3434336
-1.2131676
-1.4034643
-1.1227911
-1.3633288
0.98605898
-1.0454912
0.51648845
-1.0498547
-0.92944387
-1.4656567
0.062734815
-1.1069761
-1.2825008
-0.9617401
-0.9691801
-1.2847356
-1.1852948
-1.2124133
0.48094622
-1.4260611
-1.2039103
-1.2399679
-1.3665176
-1.1589597
-1.210171
-1.2821037
-1.2533934
-1.2753692
-1.1526624
-0.83713363
-1.4244947
1.5375433
-0.2136722
-1.2638634
-1.2571683
-1.1423041
-1.0958308
-1.0954074
-0.90372178
-1.494478
-1.2909955
-0.97127258
-1.0915769
-0.90160392
-1.4967191
-0.060824455
-1.6354342
-0.86801792
-0.85145121
-1.5018013
0.1867674
-1.04699
-1.4949222
-1.2138934
-1.2284188
-1.2318633
-0.99155077
-1.1636727
-0.5594838
-1.3166338
-1.2004505
-0.97796702
-1.4825141
-1.2620731
-1.3936626
-0.98887829
-1.3319732
-0.95791752
-1.4705883
-1.464127
-1.3914795
-1.7212688
-1.4922157
-1.1704023
-1.3644423
0.84647522
-1.2594057
-1.5293575
-0.64212535
-1.3326098
-0.96844317
-0.5780922
-1.3022864
-1.3354702
1.9275531
-0.97149192
-1.1992725
-1.1340734
-1.1827731
-1.5656221
-1.3495116
-1.2847527
-1.1320624
-1.2477457
-0.90916111
-1.1109816
-1.6447849
-1.2307824
-0.99608228
-1.1657504
-1.2918888
-1.5313594
-1.2183574
-1.1579921
-1.3123818
-1.1363389
-0.97436236
-1.448595
0.63150608
-0.33071829
-1.525286
-0.92245914
-1.0978532
-1.1354685
-1.1079791
-1.3897183
-1.194239
-0.92594837
-1.3900944
-1.356853
-0.86198842
-1.1786323
-1.1911225
-1.3105174
-0.28175101
-0.80534236
-1.4527793
-1.2761202
-0.91878858
-1.2852729
-1.4667215
-0.94446867
-1.2520561
-1.4245067
-1.3602926
-1.128435
-0.83494814
-0.96430783
-1.5334626
-1.173834
-1.6720383
-1.0413791
-1.2390091
-0.85296628
-1.6686683
-0.79195173
-1.4442055
-1.2105975
