-0.66247204
-1.2686351
-1.2633284
-1.5141151
-1.0979715
-1.297968
-0.3808095
-1.508995
-1.0704985
-1.2662671
-1.0291693
-1.2135327
-1.3343344
-1.2089551
-1.0353148
-1.3530599
-0.9228774
-1.3018733
-1.2872679
-1.3806776
-0.80696028
-1.3540681
-0.97096475
-0.89126214
-0.83613079
-1.1590146
-1.3441309
-1.3240034
-1.3613948
-1.373437
-1.2936801
-1.0354723
-1.180403
-1.2727699
-1.2546157
-0.62584534
-0.35611753
-1.2640666
0.48481329
-1.4792265
-1.3270478
-1.2111668
-1.3133724
-0.93313337
-1.210356
-0.94020459
-1.1308956
-0.89744846
-0.80991569
-0.89906624
-0.89650891
-1.3867809
-0.53354667
-1.267851
-1.4736426
0.37817822
-1.3013282
-1.1664823
-0.36567162
-1.2100025
-0.91241235
-1.4083325
-0.27504101
-0.6429972
-1.2487125
-1.1846702
-0.63663845
-1.0593462
-1.2479687
-1.3453221
-0.97684582
-0.71355159
-1.1626481
-1.1639364
0.18658334
-0.82960641
-1.4266447
-1.0554964
-1.3238296
-1.140803
-1.4221253
-0.97471177
-1.5750607
-1.5055647
-1.2793823
-1.1543772
-1.4366537
-1.1067151
-1.563472
-1.0353995
-0.90925167
-0.94631203
-1.2913518
-1.1233839
-1.1619819
-0.52857417
-1.0041505
-1.2677007
-0.39483978
-0.98579595
-1.1118578
-1.2926168
-0.90216874
-1.2588695
-1.3391349
-1.7088455
-0.85610894
-1.2654071
-0.91679975
-1.2762289
-1.109911
-1.1296994
-0.64375438
-1.0869286
-1.5341882
-1.6097825
-0.96726005
-1.7402445
-1.3188255
-1.2446513
-1.2023614
-1.199506
-0.9367428
-1.1062361
-1.0204612
-1.2661116
-1.1716063
-1.3822914
-1.3032197
-1.2262282
-0.054402942
-1.0514532
-1.1192609
-1.6318947
-1.0556576
-1.0673787
-1.0641646
-1.2699927
-1.5644264
1.227279
-1.1555071
-1.1355567
-1.3354486
-1.3548006
-1.4322446
-1.2814765
-1.1218438
-1.0263917
-1.1854266
-0.67546441
-1.5608296
-0.97899789
-1.2653498
-1.0954859
-0.77179241
-1.3564102
-1.0121463
-1.0220677
-0.95791291
-1.136566
-0.93177788
-1.3898142
-1.1963364
-1.1006841
-1.2895011
-1.3621262
-1.5132408
-1.2503037
-1.0709596
-1.0103829
-1.2380954
-1.5118202
-1.1899557
-1.4134965
-0.96231012
-1.3524905
-1.3758591
-0.85392754
-0.96643943
-1.5215838
-1.4539034
-1.0900903
-1.2293001
-1.0463687
-1.211112
-1.1200458
-1.1911295
-1.1794279
-1.3277864
-1.6789824
-0.15936062
-0.90569076
-1.1601482
-0.99332812
-0.91874614
-1.0892077
-0.87021024
-1.0961238
-1.1707146
-1.3089537
-1.1120416
-0.71294602
-1.0988861
-1.1738335
-1.3465155
-1.1588529
-1.2110334
-0.6392138
-1.3545975
-1.1008745
-0.69731341
-0.71201551
-1.0824598
-0.87664313
-1.461088
-1.1180445
-0.99635354
-1.1146414
-1.5499443
-1.1157044
-1.106028
-1.1230918
-1.1838441
-1.2838467
-1.2227037
-0.83034613
-1.2592934
-1.2609331
-1.2078516
-0.69867318
-1.3875247
-1.12881
-1.1876515
-0.86964474
-1.3957526
-1.2254931
-1.2062958
-1.2865312
-0.90098529
-1.0659273
-1.1638741
-1.1781408
-1.0222934
-1.2281677
-1.2239266
-1.3442361
0.83133681
-1.0001251
-1.1004653
-1.1768209
-1.3665374
-1.1104786
-1.4481041
-1.0987961
-1.1687741
-0.76355385
-1.3358116
-0.95772526
-0.95764954
-1.7384546
-1.3091166
-1.4228003
-1.2113058
-1.2343235
-1.3790683
-0.4799097
-0.037755953
-1.1136019
-1.308343
-1.0356385
-1.4519805
-1.2671438
-1.3077691
-1.1725234
-1.2853565
-1.2924599
-0.56159289
-0.96372803
-1.548201
-0.22641951
-1.2332598
-1.244688
-1.183236
-0.02663054
-1.1619688
-1.2187518
-1.1648647
-1.1176597
-0.67738417
-1.200788
-0.4803598
-0.16369772
-1.381386
-1.1465407
-1.1350149
-1.2136062
-1.2590848
-1.1270381
-0.86921667
-1.5034102
-0.93522333
-1.6667468
-1.4431599
-1.0869861
-1.2788661
-1.4141229
-1.7067974
-0.7427759
-1.3907955
-1.2621228
-1.0323472
-1.5006018
-1.4648648
-0.85409368
-1.3315692
-0.73404796
-1.1426811
-1.3845397
-0.40828047
-0.59779316
-1.47151
-1.5968348
-0.26572094
-1.0731033
-1.5108193
-1.2951549
-0.69212728
-1.133511
-0.92381421
-1.2691757
-1.3803571
-1.2589364
0.19859595
-1.5913806
-1.1197333
-1.3208256
-1.2315134
-1.0172763
-0.77109223
-1.1915715
-1.0957553
-1.0250856
-0.87045313
-1.3125656
-0.83058851
-1.4084758
-1.6689839
-1.3489796
-0.54655722
-1.2255925
-1.1861578
-1.2442447
-0.94768935
-0.92245933
-1.2285593
-1.5402077
-1.1405607
-1.0399891
-1.0887399
-1.3046472
1.5089458
-1.6146081
-0.34167521
-1.1018122
-1.2450016
-1.0398384
-1.299457
-1.2524084
-0.98869399
-0.94856687
-1.403745
-1.3839787
-0.077280323
-1.0406211
-1.1170336
0.011417535
-1.2213498
-1.160846
-1.4191703
-1.3031393
-0.9757782
-0.86278171
-0.87778588
-1.095071
-1.0037191
-0.68427135
-1.1459252
0.37147867
-1.0291158
-1.1669762
-0.58897114
-1.7361247
-0.91394407
-1.7955556
-1.3073306
-1.0719322
1.0098849
-1.5669841
-1.5087282
-1.1001022
-1.129775
-0.99756045
-1.1052259
-0.87261004
-1.4783475
-0.22378488
-1.0902819
-1.3465398
-1.5636312
-1.1746894
-1.2031003
-1.3339224
-1.26104
-1.2668879
-1.0396231
-0.22712583
-1.217533
-0.89027819
-1.1250617
-0.81726025
-0.9893282
-1.1203935
-1.5716638
-1.3756126
-1.2212709
-0.99679456
-0.53264955
-1.3668314
-1.1736784
-1.2071942
-0.9830629
0.3942848
-0.050919176
-0.94647484
-1.2734055
-0.90030752
-1.4742476
-1.3530791
-1.0494458
-1.1415639
-1.0631634
-1.1410622
-1.3589734
-0.72728411
-1.2503936
-1.3487162
-1.422195
-1.1377442
-1.024624
-1.4982785
-1.0438355
-1.0341983
-1.1492513
-1.4950164
-1.0032167
-1.3054033
-0.90653352
-1.2491307
-1.3401005
-1.2941234
-1.1959259
-1.1055756
-1.1875544
-1.2853181
-1.6402906
-1.3553643
-0.82570855
-0.80567126
-1.415049
0.30420225
-1.1950749
-1.1337461
-0.81043861
-1.1304049
-0.67741778
-0.9218282
-1.4615664
0.37682375
-1.0474738
-1.1959749
-1.1339379
-1.1412978
-1.0121182
-1.5028772
-1.2516761
-1.2611856
-1.2077455
-0.99642505
-0.99845655
-1.1754261
-1.4170666
-0.90649917
-0.9656064
-1.1031849
-1.1632246
-0.97546958
-1.0477156
-1.2221231
-1.3854929
-1.2548933
-1.1375541
-0.99554718
-1.1308315
-1.2889383
-1.0085638
-1.2411133
-1.1807263
-1.1189354
-1.4375625
-1.0466386
-0.27339795
-1.2720702
-1.2836022
-0.84356567
-1.2861045
-1.4025075
-1.2525083
-1.2173928
-1.4411366
-1.2308955
-0.83161617
-1.2006539
-1.6625223
-1.2030038
-1.0808631
-1.1805854
-1.1398583
-1.5731942
-1.2575087
-1.5919859
-1.1937997
-1.0031215
-1.1200004
-0.98510596
-1.5677724
-1.2923402
-0.66353088
-0.85224171
-1.1993186
-1.3743368
-1.4627628
-1.2211967
-1.2282992
-1.4211254
-1.161567
-1.5247398
-1.1376601
-1.3097296
-1.4003288
-1.1180673
-0.90024691
-1.2182598
-1.1178456
-1.1529561
-1.1356201
-1.4654314
-1.3340192
-0.39224994
-1.3831341
-0.1122355
-0.51346929
-1.2875503
-1.203402
-1.3792343
-1.0806058
-1.1975382
-1.0768226
-1.1164093
-1.0273785
-1.1390785
0.4322258
-1.0732454
-0.75142731
-1.5225199
-1.1554115
-0.9150384
-1.4050917
-0.97947977
-1.526066
-0.99245784
-1.3135349
-1.008827
-1.4340869
-1.1396744
-0.99059367
-1.4078879
-0.90481134
-0.97630586
-0.73713993
-1.4119581
-1.1409787
-0.71194998
-1.3476127
-1.1155388
-1.1771325
-0.10142352
-0.77193256
-1.2795724
-1.3631266
-0.8838486
-1.1264539
-1.103705
-1.1580719
-0.39180874
-1.1916856
-1.3866216
-1.0497726
-1.0990351
-1.1935096
-1.6088235
-0.76923276
-1.1879773
-1.1169084
-1.2676503
-1.626185
-1.0051927
-1.2794955
-1.4182569
-1.4803461
-0.95904634
-1.0901441
-1.3369549
-1.4099977
-1.4748781
-0.22090399
0.40469815
-1.0456658
-0.76765555
-1.1143549
-1.2999628
-0.010768115
-1.2985419
-1.3416829
-1.1898056
-0.97576282
-1.2557303
-1.1541725
-1.526512
-1.6240394
-1.8614371
0.40119314
-1.3009916
-0.50338239
-1.498632
-1.3350942
-0.70097503
-1.0802117
0.13402945
-1.2042999
-0.99868246
-1.008984
-1.4743715
-1.1856928
-1.2788849
-1.2378702
-1.4458654
-1.1802954
-0.5416176
-0.73750293
-1.6592761
-1.3004462
-1.4480916
-0.94646489
-1.2596338
-1.5315083
-0.877279
-1.8142732
-1.1756234
-0.75636819
-0.97413322
-1.2363479
-0.89070973
-1.2513719
-1.1132242
-1.3708837
-0.095311719
-1.6188797
-1.3309564
-1.1162884
-1.3434717
-1.2112833
0.0037732444
-1.2214513
-0.90276641
-1.1916087
-1.4205722
-1.503207
-0.89832364
-1.2480137
-1.1352054
-1.240729
-1.1888194
-1.3317574
-1.1663112
-1.2939175
-1.0607246
-0.85799345
-1.2130632
-1.3017841
-1.5512717
-1.1439157
-0.79025764
-1.6194775
-1.1906341
-0.80516035
-1.3094248
-1.3319552
0.79317238
-1.5497315
-1.3208084
-0.73016699
-1.3981187
-0.99327593
-1.0135944
-1.1740009
0.33765463
-1.2523229
-1.0873391
-1.1622765
-1.3543149
-0.97340783
-1.4671508
-1.3296358
-1.1006736
0.84585395
-0.71582134
-1.0722956
-1.0806179
-1.0175479
-0.73685669
-1.1408908
-1.060741
-1.1458459
-0.17269674
-1.5223654
-1.4390151
-1.2398362
-0.60512075
-1.1915889
-1.1260692
-1.2954711
-1.4355341
-1.2576578
-1.2894726
-1.1835947
-1.0921885
-1.4304961
-1.0591043
-1.3145449
-1.0805424
-1.3007586
-0.96652375
-1.1993662
-1.4844596
-1.3292725
-0.98370822
-1.2753681
-1.3262578
-1.1092596
-1.6217436
-0.69301817
-0.93593666
-1.3678008
-1.3300963
-1.0495778
-1.5047523
-1.0962227
-0.74263446
0.61460357
-1.1978476
-0.81609413
-0.83495473
-1.1599491
-1.1655805
-1.4886175
-0.93543612
-1.0055638
-1.3119144
-1.3331832
-1.1807174
-1.3076464
-1.4652533
-1.0786867
-1.5292968
-1.0580902
-1.0467711
-1.2423002
-1.1966379
-1.5577337
-1.202958
-1.2207816
-0.86589521
-1.0758786
-1.3246486
-0.97060908
-1.072197
-1.3075151
-1.1595767
-1.1698879
-1.1665294
-0.85147702
-1.2165871
-1.1957326
-0.86973251
-1.547788
-1.0842824
-1.0298069
-1.1615699
-1.1757377
-1.0723334
-0.2455197
-1.100906
-0.76854151
-1.2279021
-1.540244
-1.2346321
-1.1598203
-1.2011666
-1.7124407
-1.2528891
-0.98401287
-1.0334514
-1.0390342
-1.3084771
-1.193227
1.2021694
-0.95147376
-1.0611972
-1.1812297
0.020774561
-1.0291102
-1.0066287
-1.5775158
-1.158614
-1.4186326
-1.1445564
-0.9779656
-0.95259617
-0.9216054
-1.0586397
-1.2311919
-1.5818184
0.16442691
-0.95617465
-1.1256669
-1.0507772
-0.89559237
-0.70209543
-0.94818944
-1.260703
-1.3500551
-1.3284866
-1.1820991
-1.2012329
-1.388402
-1.0815861
-1.3745101
-1.3744362
-1.4386325
-1.4295632
-1.6899883
-1.188702
-1.3918918
-1.5144337
-1.0777004
-1.0048248
-0.51217392
-0.88587104
-0.94196796
-1.0789829
-1.1196715
-1.0254453
-0.27218389
-1.6201423
-1.048762
-0.97194516
-1.4324514
-1.0569022
-1.4223187
-1.1634346
-1.2575353
-1.2417961
-1.7465992
-1.4957294
-1.519531
-1.2352637
-0.10770897
-1.2585533
-1.3971118
-1.6019166
-1.2275424
-1.085275
-1.039168
-1.1159464
-0.97987752
-0.94564978
-1.4519201
-0.94297889
-1.0399892
-1.1262456
-1.1755478
-0.59559772
-0.86528235
-0.64818984
-1.6049311
-1.0492275
-1.3406044
-1.0910645
-0.38035463
-1.1305399
-0.84834572
-0.95839658
-1.2727305
-1.1753525
-1.5253653
-0.99053508
-0.82522986
-0.6400174
-1.0373688
-1.0234805
-1.2642215
-1.3804929
-0.98433103
-1.2045696
-1.7143709
-1.1926428
-1.0928972
-0.52586383
-1.3123548
-1.3035787
-0.78485448
-1.1435514
-1.1599043
-1.0139391
-1.2433023
-1.3383434
-0.9859583
-1.4183322
0.053591078
-0.89863602
-1.2460652
-1.1473545
-1.0762383
-1.3627373
-1.1226885
-1.2155905
-1.1349659
-1.2500726
-0.87851098
-1.34798
-1.0303434
-1.2067939
-1.3767084
-1.1547139
0.44782451
-1.0768945
-1.1935965
-1.7045867
-1.2823551
-0.95354833
-1.1906983
-0.84732834
-1.2774113
-1.2758283
-1.0441176
-1.5848081
-1.3615854
-1.2164765
-1.175076
-1.3501484
-1.5249233
-1.1394638
-0.4551614
-1.040349
-0.7933855
-1.0074335
-1.3635127
-1.2926448
-0.3822635
-1.2197645
-0.88195513
-1.4782827
-1.3278464
-1.1550615
-1.2302727
-1.1895169
-0.75463229
-1.2497161
-1.6900461
-0.14812259
-1.1972337
-0.70174569
-1.0671163
-1.003533
-1.3342811
-0.97467692
-1.3937577
-1.2263352
-1.1360682
-1.3705107
-1.252597
-1.163637
-1.2952871
0.6566045
-1.0979004
-1.3158728
-0.77509057
-0.83415885
-1.0625245
-1.187499
-0.97121667
-1.2429767
-0.65771887
-0.90041325
-0.81625499
-1.3667584
-1.1130741
-1.2196388
-0.84447394
-1.2198566
-1.2711115
-1.3198456
1.872881
-1.262783
-1.2171591
-0.78515205
-1.6665729
-0.21356389
-1.0592442
-1.1321812
-1.5418035
-0.71843141
-1.1568273
0.28984964
-0.67745443
-0.94565079
-1.5801841
-1.1165412
-0.24289789
-1.4214315
0.5103409
-1.3222241
-1.4081203
-1.5382884
-0.11503441
-0.96414972
-0.95216933
-1.5547941
-0.95694165
-1.0599305
-1.1105547
-1.2254467
-1.1080475
-1.2909992
-1.3131892
-1.8941632
-0.13373789
-1.1695032
-0.71319581
-0.78338433
-0.98311047
-1.1112615
-1.21513
-1.4114624
-1.4440079
-1.2549328
-1.2277556
0.10123812
-1.3281458
-0.84625179
-1.3911094
-0.49631625
-1.0522957
-1.3124372
-1.3327455
-1.2643426
-1.013219
-1.1613046
-0.79335931
-1.2546082
-1.2257424
-0.42340046
-1.3628553
-0.86816057
-1.5229554
0.14389211
-0.97484815
-1.2414729
-0.95388002
-1.4786639
-1.1544103
-1.4316159
-0.6986721
-1.3581578
-1.37159
-0.75770489
-1.074731
-1.247763
-1.3051258
-0.21894682
-1.0681313
-1.2020878
-1.1394645
-1.2177556
-1.0675457
-1.3394396
-0.36564374
-1.3169231
0.29067368
-1.2393363
-1.8221391
-1.2971582
-1.3002149
-1.4694555
-1.2664658
-0.97748222
-1.4683278
-0.68441473
-1.3237536
-1.0973996
-1.0719778
-1.0824347
-1.2289849
-1.2913295
-1.0800895
-0.94731799
-1.2605699
-1.194284
-1.1282979
-1.1972148
-1.6589442
-1.0095061
-1.2794752
-0.57099234
-1.0352473
-1.722127
-1.3261215
-1.0129513
-1.2259917
-1.406214
-1.06356
-0.93541079
-1.0751655
-1.1053177
-0.9643769
-1.0632725
-1.5812701
-1.2938972
-1.0370714
-1.0730476
-1.1817444
-1.2553104
-1.1331133
-1.0914174
-1.3310407
-0.97417965
-1.1499927
-0.91317547
-0.95583084
-1.4621656
-1.76587
-1.2500073
-1.1203375
-1.6643725
-1.191959
0.22590812
-1.2486982
-1.3593679
-1.2839614
-1.2908443
-0.861613
-1.4931172
-1.1286354
-1.0969404
-1.3230983
-1.3609264
-1.3153863
-1.0346589
-1.2022401
-1.8327395
-1.5142634
-1.2804473
-0.7666336
-1.1665354
-0.71110609
-1.0674026
-1.1488634
-1.1979789
-0.78806457
-1.2281604
-1.2808432
-1.3321672
-0.42391307
-1.2575268
-1.2581909
0.6295315
-1.3879754
-1.5270321
-1.1463353
-1.1331966
-0.96047721
-1.2932447
-0.91371982
-1.244114
-1.289397
-1.3662943
-1.3333778
0.090672758
-0.98502304
-1.128698
-1.2393151
-0.68004972
-0.9014444
-1.1997926
-0.94151532
-1.5204913
-1.1093728
-1.2835371
-0.84206446
-1.0924103
-1.1761464
-0.23217054
-1.2674645
-1.3104915
-1.2217717
-1.3637101
-1.0582264
-1.3243263
-1.342905
-1.135787
-1.2200586
-1.3129151
-1.2198398
-1.2024675
-0.30240977
-1.2067779
-1.200424
-1.2020803
-1.0704984
0.17940392
-1.3680758
-1.1052235
-0.47188038
-1.2125638
-1.2243185
-1.2474607
-1.112396
-0.92044
-1.2074765
-1.021914
-0.92273907
1.8495751
0.2216566
-1.14051
-1.2334092
0.10718195
-1.1890622
-0.87118882
-1.7912433
-1.1046343
-0.85093278
-1.1641635
-1.753664
-1.1016016
-1.2803757
-1.1284519
-0.99585682
-0.91873665
-1.1506015
-1.0356815
-1.1672337
-1.3742706
-0.95195845
-0.88978712
-0.93801216
-1.0382947
-1.3457349
-1.1225699
-1.233049
-1.0494279
-1.1276479
-0.84346082
-1.2079267
-1.0635035
-0.74390827
-1.1382451
-1.2286699
-1.5953624
-0.97220452
-0.13087174
-1.2463922
-1.0320321
-0.89575655
-1.3632978
-1.2941652
-1.3954158
-1.5179841
-1.0293345
-0.8588771
-0.42000994
-1.0724083
-1.1954717
-1.3537332
-1.2076295
-1.198661
-1.30508
-1.3063316
-1.3702144
-1.2067487
-1.3746098
-0.51570272
-1.3003724
-1.0935801
-1.0130114
-1.0835299
-1.1510614
-1.181855
-1.1201545
-0.576347
-0.86693969
-1.3122093
-1.0656237
-1.2378888
-1.008948
-0.99676801
-0.17076351
-1.1202235
-0.8268164
-1.3341722
-1.1513409
-1.1603924
-0.45561531
-0.90306104
-1.4027589
-1.0631287
-1.2985682
-0.86336835
-1.2000721
-1.2373774
-1.3502414
-1.1145492
-0.86772151
-1.1270217
-1.3261027
-0.81212397
-1.3187252
-1.4197691
-1.052548
-1.0668834
-1.4620413
-0.99548989
-1.2913814
-1.0116122
-0.51614573
-1.0189161
0.29770015
-0.88982714
-1.3063412
-0.93219781
-1.4848965
-0.97123037
-0.83244616
-1.1949392
-1.6053476
-1.0788619
-1.0303631
-1.0313238
-1.5823254
-1.3633242
-1.2791691
-1.3667933
-1.3949469
-0.88790866
1.6074201
-1.2317332
-0.11052513
-1.0289746
-1.1763182
-1.0234272
-1.2735581
-1.0450283
-1.276275
-1.2565965
-1.3223876
-1.0390936
-1.6127548
-1.660647
-0.83562799
-1.4591622
-1.5580371
-0.925242
-1.1970848
-1.640684
-0.93921996
-0.32505679
-1.3897457
-1.0095185
-1.1844879
-1.348424
-0.51920548
-1.0937676
-1.017458
-0.32814667
-1.2859008
-1.5108814
-0.32395426
-0.924555
-0.17505802
-1.0841716
-1.3334074
-0.79060454
-0.99523611
-1.257426
-0.47319145
-1.6523651
-1.2022387
-0.95995024
-1.437465
-0.045388739
-1.2565107
-0.98488413
-0.80441934
-1.3152526
-0.99367408
-1.1496881
-1.088816
-1.1214666
-1.4095179
-0.51523618
-1.3383716
-1.4496361
-1.0159777
