-1.0927181
-1.1864977
-0.76317035
-0.90059015
-1.690521
-1.390149
-1.2848478
-0.83407841
-0.77072536
-1.3856071
-1.1511089
-1.0656665
-1.116971
-1.5506943
-1.2576732
-0.96674186
-1.3764125
-1.3191268
-1.4072724
-1.219857
-1.3774918
-1.1816436
-1.2209814
-1.7417571
-0.73791623
-1.5081488
-1.1344743
-1.2816123
-1.1592301
-1.1867375
-0.93843538
-1.1371178
-1.2469148
-1.0134252
-1.2993805
-1.3515932
-0.95439395
-1.1969912
-1.1352371
-1.3270451
-1.3550621
-1.2638278
-1.4044212
-1.3490096
-1.1547523
-1.2086285
-0.90039401
-0.87552472
-1.0362636
-0.98478511
-1.1738994
-1.1098886
-1.2580695
-1.0767669
-1.1002395
-1.205069
-1.2219658
-1.0423355
-1.3076893
-0.74453723
-1.309869
-1.3953196
-1.0816937
-0.90962156
-1.0705571
-1.5420748
-1.1087486
-0.87194306
-1.4290442
-1.0600242
-1.4017794
-1.2868201
-1.1386644
-1.3206979
-0.92354864
-1.4500685
-1.3375226
-1.0966018
-1.4190317
-1.0781642
-0.79196083
-1.0364075
-0.75475852
-1.3627051
-0.98488726
-1.1718681
-1.3156903
-1.0523895
-1.3129931
-1.1241418
-1.4448156
-1.2019645
-1.0044906
-0.9798252
-1.4461482
-0.87635265
-0.84178283
-1.1999261
-1.2054326
-1.2063084
-0.98189239
-1.3695307
-0.89764224
-1.3345167
-1.2026055
-1.4589862
-1.4064469
-1.0036048
-1.4607845
-1.3445626
-1.3311788
-1.1725565
-0.93295636
-1.0894338
-1.4510764
-1.6294909
-1.3923686
-1.3858944
-1.5740425
-0.045706278
-1.4082672
-0.93084863
-0.81199318
-1.6350092
-1.2092542
-1.0972987
-1.0546915
-0.5441884
-0.64052145
-1.2636191
-1.0639071
-0.98728761
-1.4330297
-0.95118737
-1.4153773
-1.2682417
-1.1978734
-1.1298322
-1.392986
-0.98712179
-1.3485777
-1.1481299
-1.2785797
-1.4245431
-1.0998136
-1.4580803
-1.3388945
-1.2928882
-1.047682
-0.99931935
-1.4074914
-1.1500203
-1.1312329
-1.5046769
-0.56660366
-1.097203
-0.40040073
-1.2879053
-1.1462787
-0.85518119
-0.9536791
-1.3689997
-1.2305359
-1.1853272
0.30146109
-1.0608054
-1.1331804
-1.2755312
-1.0186803
-1.1943103
-1.1094608
-1.3411013
-1.15103
-1.3620981
-0.87617635
-1.3386313
-1.1097792
-1.1762062
-1.3300452
-1.3352402
-1.0121344
-1.3736163
-1.0550732
-1.0540711
-1.2223986
-1.2892979
-1.0293175
-0.9284148
-1.2633267
-1.1322924
-0.99662784
-1.0401559
-1.4614885
-0.81836639
-1.2195994
-1.2856154
-1.4505126
-1.2943133
-1.5857851
-1.1417871
-1.3088499
-1.0973855
-1.3206727
-1.4135306
-1.3728845
-0.95886169
-1.2258068
-1.3905939
-1.3290607
-1.0054342
-1.3538288
-1.4138523
-1.144559
-1.2676803
-1.4746043
-1.1534138
0.010759907
-1.5516197
-0.89872085
-1.2261514
-1.0707843
-0.76315504
-1.368994
-1.2784666
-1.7184029
-1.065562
-1.4154972
-1.2769901
-1.1601386
-1.0810025
-1.71431
-1.4164088
-1.1470277
-0.9637833
-0.909002
-1.0681038
-1.3267142
-1.2899058
-1.3963458
-1.2186263
-1.1273775
-1.039121
-1.0860276
-1.4438882
-1.4054398
-1.5809507
-1.3138181
-1.4101953
-1.2185365
-1.2817327
-0.91737706
-0.42188157
-0.77401582
-1.3650864
-0.97431915
-0.58857591
-0.88048795
-1.4377876
-0.86969909
-1.5541775
-1.2265337
-0.94801123
-1.2203833
-1.3034735
-1.0642539
-1.7830662
-1.2579221
-1.4004524
-1.0920133
-0.9865107
-1.3614069
-1.2615923
-1.256257
-1.1999774
-1.3532338
-1.2739964
-1.393822
-0.76582062
-1.3864937
-1.1647128
-1.0662575
-1.5404332
-1.2550785
-1.2343306
0.52655097
-1.1965206
-1.3006109
0.2789004
-1.3814549
-1.3292427
-1.2902184
-1.1738961
0.24560502
-1.2294413
-1.4281956
0.12079955
-1.5399594
-1.3392593
-1.1435323
-1.2898646
-1.148964
-1.0310167
-1.3272423
-1.1825304
-1.4441156
-1.3158386
-1.556934
-1.2585981
-1.181218
-1.1298511
-1.3799323
-1.1566657
-0.24503646
-1.2147462
-0.8462593
-1.0575811
-0.74119882
-1.2599492
-0.93828351
-1.3821804
-1.2070352
-1.2622324
-1.3231995
-1.4741065
-1.2176065
-1.0483612
-1.073642
-1.1220278
-0.9901457
-0.77231358
-1.4091057
-1.3573604
-1.3460232
-1.3574249
-1.3355237
-1.2477044
-1.0847492
-1.1704102
-1.0310581
-0.56489765
-1.3553845
-0.8709907
-1.2679601
-0.72177538
-1.1453312
-1.086521
-1.1377831
-0.83194274
-1.3665074
-1.5872437
-1.1542558
-0.99484341
-1.1694738
-1.2935947
-0.99598681
-1.5491661
-1.0658262
-1.2528639
-1.4167291
-1.180553
-1.3789985
-1.1327308
-1.2510067
-1.0002939
-0.37423815
-1.0375482
-1.1769331
-1.2247343
-1.4404843
-1.398105
-1.4817493
-1.0005328
-1.1098312
-1.2684633
-1.2832112
-1.3728518
-0.93795044
-1.0359418
-0.93926679
-1.1587036
-1.3922552
-1.302627
-1.0780711
-1.3689584
-1.0590908
-1.0441795
-1.5659609
-1.2678035
-1.0388227
-1.1701395
-1.2960805
-1.1543144
-1.4419574
-1.1566044
-1.342678
-1.4637876
-1.2366096
-0.76745675
-1.305484
-1.2734437
-1.2544623
0.20362559
0.60123915
-0.29290123
-1.1250259
-1.2432859
-0.909283
-0.58399598
-1.2723074
-1.2804422
-1.2529183
-1.3638937
-1.2191449
-0.85553927
-0.48914512
-1.0858909
-1.3232749
-0.68091467
-0.5543442
-1.0239314
-1.4925951
-1.2939562
-0.7377425
-1.200281
-0.1528823
-1.0381044
-1.2850196
0.53433317
0.43154633
-1.0634933
-1.474497
-1.1268438
-1.1109246
-0.65397375
-0.50999578
-1.2089176
-0.90929811
-1.0497602
-1.1225787
-1.2199442
-1.1094363
-0.96224189
-1.4000789
-1.2229548
-0.97371352
-1.352091
-1.0129756
-1.2264009
-1.0977789
-1.4018007
-1.3607259
-1.063334
-1.0942572
-1.3955089
-1.1831065
-1.6431282
-1.5538893
-1.2562521
-1.2442931
-1.0976669
-0.93990049
-1.1035203
-1.0479861
-0.96797129
-1.4760949
-1.4115605
-1.2281943
-1.0228835
-1.4168803
-1.1446464
-0.61203098
-1.287091
-1.0881793
-1.0243573
-1.1053563
-1.3892131
-0.84818159
-1.1603329
-0.95756796
-1.3875847
-0.99944079
-1.1088642
-1.4192842
-1.0726372
-1.1436983
-1.1985872
-1.0960561
-1.0135307
-1.1272978
-1.1603673
-1.0525705
-1.1323252
-1.3847518
-1.0972033
-1.0322613
-1.2375136
-1.455775
-1.2128567
-1.2866863
-1.2008955
-1.2518489
-1.0724201
-1.148088
-1.4829607
-0.8980321
-1.1801073
-1.2837309
-0.10043749
-1.1855798
-1.2002869
-1.0138766
-1.2474641
-0.74178716
-1.2872641
-1.2517634
-1.3447038
-0.31670938
-1.1126111
-1.4697724
-0.78229974
-1.3773316
-1.0903834
-1.2539313
-1.0375756
-0.45617161
-1.314182
-1.1025248
0.56615053
-1.2810015
-1.251867
-1.080492
-0.84051902
-1.0554241
-1.1900754
-1.6197503
-1.1787388
-1.1745126
-1.3083752
-1.1969854
-1.0672195
-0.97221672
-1.077411
-0.92201914
-0.77877271
-1.0279172
-1.2340741
-1.0806696
-0.60353002
-1.6580351
-1.1879515
-1.394531
-1.1280303
-1.2583201
-1.1952419
-1.1004625
-0.66638572
-1.0112159
-1.3971581
-1.0289271
-1.2144763
-1.3633571
-1.1427629
-1.1481017
-1.3488753
-1.3745913
-1.0703938
-1.2812848
-0.32891877
-1.1766315
-1.0736489
-1.0363914
-1.46454
-1.0549172
-0.6900304
-0.11037044
-1.2342554
-1.1551801
-1.6912819
-1.1140423
-1.0709056
-1.5141355
-1.4027614
-1.1391096
-1.227942
-1.1341419
-0.96366634
-0.86583415
-1.4122669
-1.3999036
-1.2617091
-1.3411788
-1.2434931
-0.97478567
-0.68784218
-1.5597268
-1.10088
-1.4376433
-1.2318647
-0.85020026
-1.3563304
-0.10665269
-0.47912357
-1.1304968
-1.1764775
-1.2453528
-1.5734438
-1.4473951
-1.5453535
-1.0783333
-1.5136415
-1.3886143
-0.81826204
-1.5390839
-1.2459109
-1.492606
-1.2081403
-1.1919713
-1.0297586
-1.3968814
-1.228681
-1.2575098
-1.3109291
-1.0489226
-1.5161549
-1.1792544
-1.1822089
-1.1987904
-1.2601974
-1.5500333
-1.2014451
-1.3048512
-1.0134317
-1.2256208
-1.2595747
-1.4141536
-1.0557059
-1.1972883
-1.3479701
-0.98585423
-1.2901999
-1.1779469
-1.4075769
-1.007806
-0.28782906
-1.2803961
-1.2531179
-1.2950501
-1.1497688
-1.0761466
-1.1643951
-0.97621383
-0.99855965
-1.1710369
-1.5542629
-1.1546128
-1.2231332
-1.1840558
-1.4381794
-1.0177392
-1.1300292
-1.143353
-1.1003931
-1.3064298
-1.1894296
-1.1528021
-1.7268466
-1.0271993
-1.4151547
-1.2494851
-1.4302412
-0.98122965
-1.0643549
-1.0821264
-1.1287544
-0.87991921
-1.3399038
-1.5028318
-1.219045
-1.1649286
-1.3248884
-1.1260761
-1.2171787
-0.34810884
-1.2776924
-1.1500052
-1.2581546
-1.5302445
-1.3298095
-0.8331523
-0.62274176
-1.2497264
-0.67433092
-1.3208587
-1.4086162
-1.5907198
-1.0540977
-1.2850822
-1.2510141
-1.2777365
-0.88905953
-0.94364529
-1.2935034
-1.6026151
-0.95247474
-1.3819451
-1.6061595
-0.45385907
-1.1265737
-1.6492298
-1.5877304
-1.1435706
-1.0819362
-1.3904976
-1.1361234
-1.1022545
-1.3061178
-0.24440326
-1.2594606
-1.1031796
-1.0500024
-1.3024951
-0.41575695
-0.095769975
0.3546655
-1.2779417
-1.472765
-1.1172352
-0.4320391
-1.2017161
-1.4156917
-1.168345
-1.5661297
-1.2769959
-1.3213943
-1.7957031
-0.52315324
-1.2764857
-1.1139302
-0.98294319
-1.1636091
-1.1848205
-0.9636142
-1.332435
-0.93089458
-1.0184337
-1.5375448
-0.24612831
-1.4025556
-1.5321591
-1.2752955
-1.3503092
-1.4556703
-0.89638851
-1.1094228
-1.0232932
-1.1970332
-1.1784137
-1.2724904
-1.1074049
-1.3838407
-1.3299345
-1.6482217
-1.202226
-1.1604022
-1.2578149
-1.1781651
-0.93882365
-0.95720537
-1.2345898
-1.2888904
-1.5451397
-1.2199574
-1.3757655
-1.4360129
-1.4538038
-1.2317185
-1.1196068
-0.79366052
-1.186062
-0.5274297
-1.0010477
-1.3828677
-0.984582
0.62454763
-0.3803212
-1.1712424
-1.0257715
-1.372043
-1.0445995
-0.97393313
-1.4856668
-1.1624202
-1.1199118
-1.2834242
-1.1233554
-1.5383887
-1.2459908
-1.5102987
0.071187974
-0.50647329
-1.3760678
-0.80544567
-1.1630273
-0.9830418
-1.3253718
-1.2688634
-1.139883
-1.2130326
-1.2780711
-1.1411666
-1.2798034
-1.1718418
-1.3762568
-1.1530924
-1.1954177
-1.6405631
-0.93210204
-1.0251933
-1.2705875
-1.132233
-1.1968652
-1.3780068
-1.3481204
-1.1977453
-0.19846924
-1.2135904
-1.0023448
-1.316343
-1.1230901
-1.0705489
-1.4295854
-1.1822602
-1.4342953
-1.0449343
0.13113997
-1.3389401
-1.2789804
-1.0184459
-1.4424151
-1.396159
-1.3056984
-1.5539746
-1.2863125
-1.2917744
-1.0527469
-0.99419188
-1.2350925
-1.1636459
-1.1006486
-0.83195898
-1.2619663
-1.350269
-1.2872338
-1.2913571
-1.0147482
-0.79039008
-1.3045372
-1.16756
-1.5129211
-0.86202287
-1.0640808
-1.3307284
-1.3423792
-1.2114773
-1.1485353
-1.0778006
-1.2638546
0.11021962
-1.0136697
-0.9414386
-1.0486956
-1.3484488
-1.1500656
-0.99826704
-1.1383694
-1.3124238
-0.9933233
-0.92786438
-1.2986241
-1.0876609
-1.0124664
-0.6965705
-1.188827
-1.1213027
-1.3130808
-0.84656017
-1.2967048
-1.1147135
-1.3409243
-1.3652482
-1.2409235
-1.549805
-1.1295675
-1.4702945
-1.178169
-0.98836762
-1.3986644
-0.90608473
-1.0250424
-1.2460765
-1.0595126
-1.3511964
-1.5960629
-1.1922096
-1.386185
-1.424242
-1.1422646
-1.6188002
-1.1622872
-1.2022652
-1.0132762
-0.39375921
-1.6028555
-1.083663
-0.7828058
-1.2328038
-0.37678553
-1.0738152
-1.1308027
-1.1409478
-0.28164997
-1.2815317
-1.4657765
-1.2232696
-1.5694919
-1.1563272
-1.2714766
-0.93197303
-1.7398189
-0.99648824
-1.5048785
-1.2183173
-1.3751509
-1.1731627
-1.0890239
-1.1003538
-1.0972016
-1.1517797
-1.4381341
-1.1433921
-1.4378346
-1.0636546
-1.3378123
-1.2987029
-1.2290341
-1.0265359
-0.91919318
-1.1515062
-1.5591223
-1.316509
-1.1971929
-1.4365396
-1.0135514
-1.3934752
-1.1026457
-1.1376405
-1.2604414
-1.2908743
-1.1595408
-1.1551748
-1.3228835
-1.2649146
-1.1197808
-1.5420332
-1.5269918
-0.998928
-1.143506
-1.0240061
-1.2080609
0.49008787
-1.3365243
-0.70736146
-1.1297093
-1.2399713
-1.2721772
-1.2474731
-1.1718284
-1.2554617
-1.1719283
-1.4866572
-1.4933628
-1.4006593
-1.301661
-1.2272258
-1.3464472
-1.1842026
-1.2698217
-0.86314936
-1.4359769
-1.0557545
-1.2967391
-1.1696403
-0.78952045
-1.283014
-1.2333521
-0.96965432
-1.3838334
-1.5661253
-1.1464994
-1.1266231
-1.1290985
-1.1435053
-1.2776448
-1.2169266
-1.0827897
-0.90560135
-1.3159952
-1.3645441
-0.98167842
-0.96141251
-1.3746747
-1.3343477
-1.2078204
-0.96006325
-1.4015371
-1.2154877
-1.3335069
-1.2441044
-1.2647036
-1.1864436
-1.2041612
-1.0084611
-1.2473752
-1.1105067
-1.2328266
-1.1285965
-1.456683
-1.4219818
-1.3971891
-1.3169401
-1.2657613
-1.3306853
-1.1188708
-1.1794098
-1.1356769
-1.0453729
-0.64242476
-1.258328
-1.201594
-1.2990316
-1.0187582
-1.067868
-1.2405321
-1.0689581
-1.1713365
-1.3354959
-0.96377224
-0.91220072
-1.2592058
-1.1050382
-1.3767615
-1.1323829
-1.2542174
-1.328478
-1.0616748
-1.5757826
-1.2379116
-1.3268137
-0.95332305
-0.66368726
-1.1947313
-1.0401196
-0.91295274
-0.93406234
-1.2872719
-0.76347339
-1.1309317
-1.2027543
-1.2523522
-1.4967386
-0.99891862
-1.1749766
-1.117235
-1.5673517
-1.2786051
-1.1526452
-1.0704913
-0.96306035
-0.47706546
-1.1720085
-1.2365348
-1.0015609
-1.2959378
-1.1700075
-1.3676462
-1.2990522
-1.0096948
-1.2861154
-1.1468865
-1.2263587
-1.327273
-0.88985578
-1.0188457
0.75976223
-1.2709183
0.0010420931
-1.5046399
-0.90206463
-0.94118592
-1.1202277
-0.046261534
-1.1715365
-1.434626
-1.1180674
-1.2774033
-1.1341835
-1.372765
-0.52794972
-1.028885
-1.1036551
-1.173086
-1.1919088
-1.103033
-1.3429083
-1.4684539
-1.4138198
-1.1686242
-1.0616119
-0.98304942
-1.0786005
-1.2664318
-1.3301748
-1.4861365
-0.23209743
-1.2894561
-0.91874361
-1.1270855
-1.2534489
-1.1916641
-1.0663122
-1.3634208
-1.041887
-1.3780486
-1.2545982
-1.29766
-1.6384811
-1.0021941
-1.3510384
0.80362801
-1.3216809
-1.5170903
-1.6147382
-0.81057955
-1.2652789
-1.2386991
-1.1624219
-1.295717
-1.239321
-0.89225226
-1.3387599
-1.1656394
-1.3679271
-0.82740258
-1.0183858
-0.80836426
-1.0494847
-1.2489952
-1.086152
-1.1940695
-1.4047882
-1.079368
-1.2199529
-1.2424992
-1.5648447
-1.2227105
-1.0880308
-1.1034643
-1.4967005
-1.101739
-1.5794789
-1.0858038
-1.2805495
-1.0474653
-1.4001464
-0.79203531
-1.0688043
-1.1612416
-1.112874
-1.2698509
-1.3824434
-1.2075247
-1.5726644
-0.68322823
-0.73038317
-0.85201313
-1.4785916
-1.5385932
-1.2799314
-0.03119699
-1.2562792
-1.356018
-0.51413928
-1.0959529
-1.1783253
-0.88996971
-0.8535617
-1.3034012
-1.3729135
-1.0366264
-1.1056724
-1.1491936
-0.48088214
-1.4473415
-0.98712423
-1.5350767
-1.5775241
-1.3847244
-0.99824608
-0.46426812
0.0090069708
-0.64003642
-1.1762043
-1.2263013
-1.2452804
-1.0540952
-1.5713369
-1.0990678
-1.4026946
-0.84869993
-1.1777607
-1.216054
-1.4787227
-1.1676282
-1.4798121
-0.86139924
-1.0852413
-1.0425189
-1.5704077
-1.153395
-1.0093467
-0.56723122
-1.0614079
-1.4509457
-1.2389752
-1.004824
-1.0578364
-1.0285857
-0.98779693
-1.0626859
-1.4300989
-1.3270868
-1.1256544
-0.94627066
-0.95602212
-1.1965611
-1.0872023
-0.89364718
-1.1096391
-1.4115566
-0.98429856
-1.1431713
-1.2695556
-1.563134
-1.4018908
-1.1623467
-1.1487071
-0.53165179
-1.0911604
-0.82533268
-1.1734485
-1.4772418
-1.1253745
-1.5293738
-1.2104465
-0.92323675
-0.88423949
-0.15181242
-0.93939207
-1.3068953
-0.97563817
-1.1573751
-0.2933687
-1.2550631
-1.3523568
-1.2320995
-1.3534081
-0.96101481
-1.522289
-1.1407677
-1.1391052
-1.1607799
-1.2427362
-0.9072742
-1.1780473
-1.2199046
-1.0302938
-1.0952192
-1.3760276
-1.3631259
-0.96543764
-1.3325712
-1.1885239
-1.060639
-1.4235519
-1.3611042
-1.2693521
-1.2476751
-1.2414213
-1.0878733
-1.1072631
-1.7115769
-0.84845712
-1.3489676
-1.1848876
-1.3270913
-1.0810616
-1.1152666
-1.7427484
-1.0958269
-1.4191419
-1.1329272
-1.0188348
-1.3899067
-1.075386
-0.83486392
-1.3676979
-1.3239481
-1.2995262
-0.98411513
-1.0908971
-1.2224106
-1.3040675
-1.5847449
-1.3228087
-1.179429
-1.2064288
-1.5934537
-1.0060037
-1.1067982
-0.94348518
-1.2259073
-1.2454895
-0.98083919
-1.1936407
-1.1082908
0.15088975
-1.3879619
-1.1804588
-0.99403782
-0.99831754
-1.3014656
-1.2490477
-0.66385481
-1.1783799
-1.285296
-1.0490559
-1.5111429
-1.2691594
-1.0281137
-0.93483003
0.0061783119
-0.072361256
-1.4453053
-1.1427689
-1.1195829
-1.1880497
-1.1863614
-1.0307456
-1.3029367
-1.0046053
-1.2729006
-1.5025717
-1.2974982
-1.2150576
-1.2369069
-1.1576603
-1.3192541
-0.74977548
-1.2469115
-1.3240875
-0.85648608
0.41961713
-1.4740648
-1.1500737
-0.23646355
-1.0924844
-1.1077266
-1.3277647
-1.1440493
-1.6553248
-1.3085027
-1.1384212
-1.1553689
-0.83004631
-1.3485622
-0.94017632
-1.4203754
-1.3017898
-1.4591351
-1.1927218
-1.1014895
-1.5334906
-1.3453999
-1.1147005
-1.2932098
-1.3010667
-1.1780487
-1.0244389
-0.61220244
-1.304081
-1.2904601
-1.0269087
-1.368778
-1.0708245
-0.47581584
-1.1709084
-1.4148442
-0.98709619
-1.0295981
-0.99480424
-1.1691632
-1.3083276
-1.2316855
-1.1626631
-0.44390566
-1.2116219
-1.238989
-0.92155257
-1.3215128
-1.3470744
-1.4400641
-1.3723778
-0.95866275
-1.495089
-1.2634704
-1.3409443
-1.2210105
-1.3415605
-1.3218495
-1.299224
-1.1696681
-1.3886608
