-1.0472477
-1.1115681
-0.9064956
-1.222434
-1.0968501
-1.5836556
-1.0692173
-1.2122412
-1.2539312
-1.1269226
-1.1122279
-1.2707503
-1.1871316
-1.2701989
-1.4851773
-1.1570894
-1.2033545
-1.5246925
-1.5995145
-1.117616
-1.383702
-1.6706198
-1.1420104
-0.73093322
-1.2589206
-0.91988526
-1.0459296
-1.1294596
-1.1089625
-1.0556685
-1.0104289
-1.1203487
-1.0899931
-1.0890126
-1.331424
-1.2609468
-1.3504219
-1.3296459
-1.1410064
-1.1116193
-1.2122182
-1.2281601
-1.2927266
-1.0117114
-1.2961576
-1.0856191
-1.1176394
-1.1517902
-1.0263995
-1.3938357
-1.2864785
-1.3425498
-1.2818234
-1.245445
-1.1831034
-1.2229961
-1.0969762
-1.0920383
-0.8806108
-0.98880204
-1.2512345
-1.2336064
-1.4830232
-1.1879919
-0.9938068
-1.235942
-1.3139081
-1.2551031
-0.50239082
-1.0330653
-1.345185
-1.2656125
-1.2244575
-1.0603896
-1.119866
-1.4370792
-1.3013869
-1.095085
-1.5507373
-1.1948864
-0.76415624
-1.2323254
-0.7976142
-0.99141769
-0.78897454
-0.99932984
-1.3248031
-0.83112876
-1.0648197
-1.3709651
-1.0985719
-1.2736501
-0.80082135
-1.3445563
-1.3271678
-1.0305635
-1.2015557
-1.1398819
-1.1256136
-0.82876397
-0.39313273
-0.90906596
-0.83237358
-0.10819625
-1.2134971
-0.88748762
-0.9357998
-1.2843341
-0.8358536
-0.83531117
-1.298532
-0.83968619
-1.1959557
-1.0270192
-0.51309725
-1.5029412
-1.1827167
-1.2668851
-1.2932079
-0.898756
-1.4016593
-1.1980621
-1.1638958
-1.138573
-1.2095959
-0.83532368
-0.98495129
-1.1243235
-0.10471186
-1.2724643
-1.2591068
-1.0701113
-0.84488809
-0.67700681
-0.87901713
-1.6397647
-0.91455947
-0.75141127
-1.1123865
-1.0888621
-1.1079472
-0.97499198
-0.88951314
-1.1666199
-1.0896702
-0.68290176
-1.3123342
-1.3199984
-1.0412732
-1.0717202
-1.1496182
-1.0884846
-0.87451382
-1.0641961
-1.2314086
-1.0964594
-0.75111648
-1.4312711
-1.0540975
-1.5546411
-0.94060335
-1.4593361
-1.1895847
-0.76002658
-1.1990887
-1.4606993
-1.0673082
-1.2237773
-1.1495569
-1.046781
-1.0901858
-1.52306
-1.0348566
-1.1105757
-0.96826181
-1.1436728
-1.2433324
-1.1230623
-1.2174462
-0.91323941
-1.3781134
-0.96133386
-1.154771
-1.5614313
-1.2402579
-0.94566444
-1.2235834
-1.0271529
-1.0884612
-1.3278871
-1.1547189
-1.3480674
-0.90550434
-1.5150913
-1.1424291
-0.53715327
-1.2638971
-1.2260374
-1.182902
-0.85042855
-1.2845463
-1.2036041
-0.82949364
-1.1838212
-1.3149874
-1.0102302
-1.1393314
-1.264952
-1.2580156
-1.0938946
-1.4920975
-1.2788961
-1.2360685
-1.0060324
-1.3529821
-1.2051524
-1.0863404
-0.83941628
-0.88079916
-1.1014781
-1.2164855
-1.5043768
-0.54149876
-0.59292062
-1.1851101
-0.70367509
-1.1372604
-1.2254078
-1.1441051
-1.2645301
-1.1104572
-1.3896749
-0.99252786
-1.3530591
-0.46341229
-1.4670506
-0.77133265
-1.1154181
-1.5902792
-1.3425743
-0.91564107
-1.0219839
-1.0231499
-0.9429849
-1.3087728
-1.3665033
-1.1550002
-1.378559
-1.0242081
-1.1473161
-1.4677237
-0.87472347
-0.78822485
-1.2291547
-0.66582271
-1.0885714
-0.73546865
-1.5244342
-0.5846759
-1.2560382
-1.020048
-0.89519453
-1.0762336
-1.174499
-0.95321743
-1.2283482
-1.3253134
-1.2114389
-1.2548474
-1.1463312
-1.4072591
-1.0585781
-1.0842264
-1.2454224
-1.059061
-1.0755693
-1.0971295
-1.1050228
-1.2023728
-1.2436167
-0.92268861
-1.2842778
-1.1300829
-1.0415741
-1.0149172
-1.5324305
-0.68314618
-1.3380303
-1.2007597
-1.3027656
-1.3916116
-1.2273521
-0.96163363
-1.3275028
-1.5073906
-1.1930604
-1.1979152
-1.1813457
-1.4533194
-0.7437994
-1.3489261
-1.455222
-1.3718441
-0.49970051
-1.5113944
-1.3569817
-1.0400546
-1.2217749
-1.2085201
-1.0805425
-0.97831683
-1.4098835
-0.99718073
-0.86644015
-1.2548639
-1.0064963
-1.1697373
-0.91616819
-1.3714689
-1.0454124
-1.0576727
-1.1388665
-1.4188288
-1.2475121
-1.2810847
-1.2625225
-1.055911
-1.2558359
-1.2767815
-1.1770402
-1.0057639
-1.1131392
-1.0742313
-1.2344748
-0.87983305
-1.2146257
-1.2231308
-0.92599858
-1.4763772
-1.1346138
-1.3128726
-0.7890818
-1.3470871
-0.89245882
-1.2652096
-0.78507837
-1.582893
-1.5922906
-1.0533218
-1.4328735
-1.4952297
-1.3304069
-1.1266593
-1.0727057
-1.2925436
-0.9716628
-0.97882587
-1.0659912
-0.91777838
-0.94959469
-1.2369802
-1.4076564
-1.5966624
-1.2041902
-0.85109468
-1.3703122
-1.3101077
-1.1957276
-1.389084
-1.3627882
-1.0246072
-1.0724889
-1.0638275
-1.3712307
-1.2358797
-1.4260003
-1.1073997
-1.1223413
-0.77847904
-1.3127505
-1.2866391
-1.2338388
-1.0218784
-1.4324713
-1.009094
-1.1727192
-1.189196
-0.94411932
-1.0882053
-0.88406105
-1.2287846
-1.5427968
-1.5794244
-1.1580496
-1.1646902
-1.4123134
-1.2144262
-0.80704494
-1.4426483
-1.28761
-1.3004865
-1.2639722
-0.93867138
-1.0536391
-1.2675535
-1.2762358
-0.77955849
-0.39021875
-1.1125953
0.39215749
-1.6915799
-0.92781144
-0.88926893
-1.0705423
-1.1042808
-1.0034764
-0.85181546
-1.5657956
-0.47001627
-1.446415
-1.4597289
-0.80378513
-1.1811353
-1.1023643
-0.86833223
-0.73890479
-0.97300976
-1.2360546
-1.2296774
-0.98392546
-1.2303887
-1.0333565
-1.1909419
-1.345607
-0.95397488
-1.2927072
-1.0380056
-1.3346882
-1.1225263
-1.3464326
-0.92007457
-1.11211
-1.119389
-1.1397796
-0.90550326
-0.69404628
-0.99405936
-1.275824
-0.63919013
-1.0802513
-1.3947075
-1.0545452
-1.0218087
-1.1827015
-0.42848123
-0.71292625
-0.98522924
-1.0256447
-1.4419634
-1.224332
-1.1376339
-0.92507859
-1.0766477
-1.2377654
-1.0655065
-0.97852796
-1.2153688
-0.97989336
-1.1677209
-1.333835
-0.97617357
-1.0814571
-0.91996075
-1.1307077
-1.22462
-1.1099651
-1.0469957
-1.2192859
-1.0971969
-1.0898015
-1.1687859
-1.2684139
-1.1142465
-1.315009
-1.2545745
-1.1119078
-1.3936616
-0.987866
-1.2426362
-0.66696398
-1.1207177
-1.0799697
-1.3593717
-1.4025374
-1.2788903
-0.90375784
-1.3907835
-1.1944533
-1.057329
-1.2072524
-1.2184241
-0.97983938
-0.82958759
-1.0990838
-0.99227423
-0.77598566
-1.5161421
-0.94143224
-1.0504088
-0.63129447
-1.1266206
-0.84272937
-0.58481703
-0.98829362
-1.2956271
-1.0396897
-0.7528435
-1.0266336
-1.3737114
-1.1297489
-1.0878548
-0.99457564
-0.99288109
-0.97024067
-1.2277216
-1.3582286
-1.1056718
-1.176051
-1.33037
-1.1729203
-1.1426636
-1.1901641
-1.1903914
-0.75170877
-1.0867162
-1.0835892
-1.2249953
-1.4194924
-1.0923768
-0.72020605
-1.3047711
-0.90651229
-0.94652088
-1.2359282
-1.0576639
-1.1195839
-0.058172878
-0.87864526
-1.4022843
-0.98321175
-1.2278566
-0.97941175
-1.0432755
-1.3292791
-1.3675778
-1.4001314
-1.0881353
-0.96399025
-1.3294373
-1.1483962
-1.1529612
-1.0421834
-1.0818479
-1.0273454
-1.2719826
-1.227187
-1.1321918
-0.93454084
-1.1947561
-1.0758133
-1.1592371
-1.4513159
-1.1263426
-0.66862225
-0.74642591
-0.78345087
-1.169634
-1.5398419
-0.69492929
-1.1492951
-0.83959754
-1.2138882
-1.2353893
-0.76251269
-1.0474279
-1.143531
-1.2301486
-1.3004732
-1.4219284
-1.0934475
-0.95152262
-0.82913769
-1.1712103
-1.1439148
-0.69732272
-1.154065
-1.325839
-1.1879374
-0.78267057
-0.76377458
-0.98661265
-0.67567883
-1.1489025
-1.3309
-0.77142052
-1.1813092
-0.92783831
-1.3467974
-1.2773822
-1.0901573
-1.3527727
-0.93041134
-1.0380241
-1.2789552
-1.3335178
-1.1824175
-1.2438331
-1.2097969
-1.3949914
-0.98083927
-1.2468219
-1.118234
-1.0751947
-1.3621583
-1.0091544
-1.5229142
-0.95121561
-1.5257778
-0.57428625
-1.1721391
-1.1768568
-1.1083604
-1.0547798
-1.0513309
-1.5011224
-1.2522754
-1.0375866
-1.4279113
-0.8375967
-0.75899419
-1.0143218
-1.0706861
-1.0435015
-0.61296078
-0.3598643
-1.0098237
-0.92201969
-1.3046037
-0.86948135
-1.3342623
-1.1809824
-1.0292027
-0.56653623
-1.2612813
-1.4538202
-0.55875032
-0.8727357
-1.1336617
-1.7572855
-1.0135613
-0.84028883
-1.0510804
-0.99016115
-1.1493509
-0.84235261
-1.5607613
-1.0908447
-1.2063519
-1.3184959
-1.1656445
-1.6216186
-0.98125359
-1.1851034
-1.2704208
-1.4951827
-1.3946466
-1.1963215
-0.8927637
-1.2133342
-1.2476225
-1.109525
-1.144263
-0.86159113
-1.1407038
-1.0416854
-1.2586117
-1.2544706
-1.3792063
-1.2008278
-0.95005628
-0.70167904
-0.52051962
-1.203681
-1.2201294
-1.3453857
-0.15177023
-1.3373487
-1.1501354
-1.4123862
-1.3481841
-0.85302768
-1.1859703
-1.3714412
-1.2437378
-1.2101707
-1.2933644
-0.14453858
-0.93810696
-1.2079309
-1.3876778
-1.0661542
-1.3726221
-0.96752555
-0.84610513
-0.85418417
-1.3622295
-0.69135267
-1.4083927
-1.0444388
-0.85054189
-1.1797282
-0.75899359
-1.4732356
-0.8268759
-1.1698741
-1.0450754
-1.1370541
-1.2190919
-1.1344399
-1.1998774
-0.62029299
-1.2289346
-1.0661506
-1.2063306
-1.2619866
-1.2782271
-1.4173655
-0.92477473
-1.0044384
-1.0985781
-1.0877706
-1.2904941
-1.2667411
-1.3012136
-0.78825003
-1.2982602
-0.99625519
-1.4037409
-1.3065347
-1.2962755
-0.69752246
-1.0501197
-1.2532112
-1.2959032
-1.0909761
-1.3014212
-1.2100529
-1.177376
-1.0163218
-1.5022246
-1.1706387
-1.4430468
-1.1969474
-0.92657644
-0.93939502
-1.2555332
-1.0123152
-0.87994982
-1.213178
-1.0404508
-1.068409
-1.2453606
-1.3152508
-1.3084188
-0.71172945
-1.2154109
-1.2513967
-1.3013143
-1.3420081
-0.89631214
-1.2771018
-1.1689496
-1.2720676
-1.2654252
-1.1820168
-1.0288768
-1.310626
-1.0164225
-1.2806349
-1.0758695
-1.2417368
-1.5308304
-0.99846135
-0.79239593
-1.2994751
0.88483197
-1.3485885
-0.75070538
-0.83435387
-0.73018914
-1.1685394
-1.0348583
-0.88411382
-1.1868482
-1.2249195
-1.3573118
-1.1270176
-0.96533972
-0.82094891
-0.87012975
-1.2242017
-1.0613386
-1.0573983
-1.3241025
-0.97526269
-1.0444955
-1.3900279
-1.4077177
-0.9299543
-1.1661931
-0.96914247
-0.80745298
-1.083245
-1.1341261
-1.120929
-1.3911749
-1.0422294
-1.0106336
-0.91708295
-1.4517084
-1.1900053
-0.9557102
-0.82912257
-1.2435791
-1.159116
-1.4128034
-1.0474033
-1.1011413
-1.1546575
-0.65577855
-1.1836629
-1.4202649
-1.5410543
-1.4270475
-0.95564296
-0.53069872
-1.2964043
-1.4374135
-1.2801219
-1.1159453
-1.3504908
-1.0552545
-1.2322299
-1.2485371
-1.1921664
-1.0525364
-1.2757753
-0.2354512
-1.4670252
-1.2043912
-1.1769057
-1.4234803
-1.0531786
-1.2479829
-1.3115245
-1.2370591
-1.2169568
-0.84827607
-1.0891921
-0.88395827
-1.0342008
-1.0177148
-1.2961801
-0.80300352
-0.46268119
-0.91844209
-1.3137073
-1.4217967
-0.93765093
-1.200071
-1.2391604
-1.3875558
-1.4611301
-1.2232496
-1.3957367
-1.0705296
-0.98883217
-1.1374808
-1.1517216
-1.1896523
-0.64554024
-0.60816835
-0.82493397
-1.1537464
-1.5406996
-1.2719228
-1.1718873
-1.0730106
-0.99400979
-1.4020521
-0.97236672
-1.1151627
-1.2251905
-1.3958513
-0.99899692
-1.45417
-1.2112846
-1.1400782
-1.161547
-0.97251543
-0.61694149
-1.3355076
-1.3732568
-0.96593618
-1.0811312
-1.2967526
-1.1409957
-1.391301
-1.2627483
-0.97512184
-1.1203517
-1.3337038
-0.98222081
-1.3925779
-1.45353
-0.99247478
-1.0646873
-1.3870944
-1.304288
-1.4595375
-0.94344003
-1.1690479
-1.3583514
-1.2828732
-1.1533446
-1.3497597
-1.2485905
-0.87852069
-1.2124111
-1.0449137
-0.87890534
-1.332847
-1.1066344
-0.81805723
-1.0861092
-1.2886644
-1.1605367
-0.92751974
-1.4845634
-1.4441171
-0.99134036
-1.268592
-0.81101732
-0.99969903
-1.3821362
-1.4949206
-0.98121466
-0.40713849
-1.1138259
-1.1126668
-1.1470608
-0.97053697
-0.83001063
-1.2767315
-1.3037979
-0.98609822
-0.95953524
-0.9184256
-1.1507993
-0.69964087
-1.039865
-1.2062721
-1.218042
-1.1872741
-1.7015373
-1.0393496
-1.0491179
-1.0583553
-0.73518593
-1.2969894
-1.0872261
-0.9103318
-1.2301432
-1.1857896
-1.4791834
-1.387862
-1.3948994
-0.66672097
-1.3347073
-1.0792932
-1.4894121
-1.283202
-0.975387
-0.67805507
-1.3989167
-1.0974019
-1.1026392
-1.0099271
-1.1131856
-1.1580078
-1.3278985
-1.3754448
-1.2613664
-1.1108329
-1.3242693
-1.2102007
-1.3416481
-1.4605479
-0.99562905
-1.1288947
-1.258511
-1.3484737
-0.97461229
-0.98212953
-1.343984
-0.53249254
-1.3807021
-0.99214325
-1.2091885
-1.2289011
-1.2510818
-1.280222
-1.2167634
-1.1237873
-1.1690097
-1.2188954
-1.3381029
-1.1092179
-1.2145882
-1.404398
-1.3040458
-1.5395472
-0.99636572
-1.1948644
-1.3765931
-1.1484821
-0.85557594
-1.035815
-1.2619322
-1.1606495
-1.3918476
-1.1110289
-1.3828871
-1.3286475
-1.1471294
-1.0149447
-1.4844444
-1.3073506
-1.3531698
-1.1329283
-0.81380979
-1.3033222
-1.3957954
-1.2134449
-1.1781461
-1.0753551
-1.3347377
-1.2792145
-0.96192615
-1.2181954
-1.2153223
-1.0818827
-0.9587665
-1.1212353
-1.0462375
-0.99061526
-0.93007615
-1.2592851
-1.25119
-1.3433283
-0.81018694
-1.3597864
-1.2423914
-1.3619093
-0.7200221
0.18461316
-0.91761456
-0.55505792
-0.82300449
-1.0859209
-1.0651934
-1.1126207
-1.3209755
-1.1324502
-0.69777208
-1.3805242
-1.3377941
-1.3175613
-1.21456
-1.5914866
-1.1827281
-1.1973773
-1.0049215
-1.1473428
-1.0150647
-1.0177659
-0.6760336
-1.3181009
-0.97506251
-1.3270055
-0.8728075
-1.4039462
-0.9743241
-1.3624679
-0.70326031
-0.70239106
-1.3888442
-0.8408878
-1.2879352
-0.91471489
-1.1506524
-1.0692408
-1.4659757
-1.3535652
-0.96137297
-1.3301059
-1.2232969
-1.1381608
-0.97441204
-1.0594624
-0.90140301
-1.478477
-0.8329495
-0.82713936
-1.1515264
-1.3836235
-0.99728868
-1.5693873
-1.0802471
-0.74171852
-1.1236823
-1.2232961
-1.5091376
-1.0126822
-1.0009882
-1.4132491
-1.0585456
-1.1011412
-1.0417416
-1.0933743
-1.3706098
-1.4562051
-1.3984514
-0.95549282
-1.1920412
-1.1045064
-1.4963025
-1.2471503
-0.94832318
-1.0202634
-1.0503628
-1.3276854
-1.0780027
-1.0208021
-0.13505866
-1.0436094
-1.3665404
-1.0714855
-1.3750058
-1.1434176
-1.1707717
-1.1795019
-1.6658227
-1.0628212
-0.84529446
-1.3188663
-1.0207121
-1.05456
-1.629643
-1.2431936
-1.375333
-0.94160352
-0.76079524
-1.1158353
-0.99730843
-1.1504627
-1.0855672
-1.2846394
-1.3075807
-1.2085198
-1.2090387
-1.4162936
-1.1565573
-0.93575492
-1.3041214
-1.2743803
-1.4171569
-1.3193572
-1.2521273
-1.3720603
-1.2072757
-0.67204303
-0.97533338
-1.2017074
-0.99997341
-1.1090652
-1.3799984
-1.1922565
-1.1433565
-1.1646168
-1.117843
-1.0712036
-1.132078
-1.0466926
-0.029866958
-1.2213376
-1.1193113
-1.1854919
-0.85761481
-0.93995179
-0.92383967
-1.013081
-1.2814156
-0.98013965
-1.2459314
-1.3365531
-1.1958918
-1.3727472
-1.1353922
-1.1232776
-1.2333068
-1.2305593
-0.94547554
-1.1166156
-1.0522491
-1.1618118
-1.0676594
-0.90914842
-0.82321812
-1.0778434
-1.344949
-1.1020022
-1.1955047
-1.0718308
-1.438411
-1.2177752
-0.77838579
-1.1476895
-1.2633975
-1.1583097
-1.3223531
-0.95354293
-1.5998423
-1.3063762
-0.84172729
-0.99623449
-1.2226516
-0.80067061
-1.111141
-1.0781969
-1.3271046
-1.2760302
-1.3705978
-1.0190536
-1.2561655
-1.4147751
-0.94761004
-0.73835414
-1.296594
-1.1708627
-0.89125824
-1.3085835
-1.1777661
-1.2683639
-0.86508687
-1.2797414
-1.1035474
-1.3463485
-1.1904785
0.61074342
-1.1438386
-0.90169367
-0.80447177
-0.99062214
-1.1817544
-1.2122394
-0.75366528
-0.85395575
-1.0665251
-1.227899
-1.1581018
-1.1679378
-0.80457218
-0.90016625
-1.4166939
-1.2324454
-0.9211577
-1.362522
-1.1459159
-1.0795365
-1.0319894
-0.67782018
-1.3918124
-1.3018017
-1.1780237
-1.0262508
-0.98647953
-1.2984862
-1.2171107
-1.2590451
-1.1100266
-1.1016408
-1.1986435
-1.1136522
-1.177999
-1.0086171
-0.97217988
-0.80098172
-1.3960057
-1.039632
-0.85972212
-0.99116278
-0.90091906
-1.3253341
-1.6050269
-1.2969103
-1.0890439
-1.2725358
-1.2117678
-1.4270183
-0.92342718
-1.268713
-1.2049251
-1.5275885
-0.89336653
-1.2029147
-1.3144255
-1.0967263
-1.0410493
-1.3141248
-1.391827
-1.1017915
-1.337391
-1.0969622
-1.0752147
-1.3132936
-1.2068384
-1.0952745
-0.95663189
-1.0669147
-1.2581215
-0.8422683
-1.0085238
-1.0007945
-0.95265028
-0.99311931
-1.2890311
-1.0599768
-1.0814361
-1.2594292
-0.96577842
-0.90859714
-1.2759945
-1.4749278
-1.2160152
-1.3351515
-1.4140561
-1.4148643
-1.1316676
-0.94645785
-1.0145583
-1.1389098
-0.72060645
-1.042428
-0.89753991
-0.95478962
-1.2750854
-1.3075724
-1.4728626
-1.0051078
-1.0557156
-1.3881266
-1.1680227
-1.4858438
-1.1375544
-0.93190363
-1.0079098
-1.1562348
-1.327006
-1.3497405
-1.0287556
-1.1731483
-0.74632335
-1.3783444
-1.2138068
-1.0383557
-1.2137699
-0.9774048
-1.3103855
-0.94708074
-1.4623146
-0.83955807
-1.1400426
-0.88833994
-1.0446945
-1.1637083
-1.4132859
-1.1365312
-1.3329531
-0.92938242
-1.167976
-0.92567757
-1.2646915
-1.1217623
-1.2286558
-1.2293593
-1.4699395
-0.99086938
-1.2187119
-0.97768862
-1.5011913
-1.2559048
-1.0831519
-0.97009495
-1.0187566
-1.2287271
-1.377298
-1.0671015
-1.0280072
-1.3051437
-1.1879082
-1.1597461
-0.91520108
-0.89998692
-1.2189609
-1.185866
-1.0879319
-0.94472178
-1.3511057
-1.1639762
-1.4112192
-0.98759097
