-1.1829831
-1.7208428
-1.0144037
-1.3431458
-1.3328272
-1.6774113
-1.3159518
-1.3351253
-1.0016158
-1.8096106
-0.91721676
-1.3135609
-1.278724
-1.3003029
-0.95309104
-1.4332911
-1.2742359
-1.5246577
-0.52274721
-1.2176287
-1.6328634
-1.7099048
0.38798312
-1.3367483
-1.1991936
-1.1025263
-1.1162376
-0.99652859
-1.2754982
0.0048564188
-1.3258539
-1.1643151
-1.0840733
-1.156032
-1.2906637
-1.3198895
-0.97808356
-0.40987176
-1.1490078
-1.3477397
-1.2627551
-1.4327569
-1.5464563
-1.6584259
-1.360628
-1.287157
-1.1288223
-0.97227286
-1.2900869
-1.2499211
-1.0245902
-0.80702476
-1.1583523
-0.80563434
-1.4091844
-1.5517602
-1.0356165
-1.3542164
-1.4022902
-0.83411809
-1.0503651
-1.3642276
-0.93187239
-1.2289246
-1.2098356
-1.5441668
-1.0993583
-1.3794274
-0.9069401
-0.56068128
-1.3884894
-1.3007903
-0.91926604
-1.5802529
-1.3683231
-1.1748775
-1.4310995
-1.1783638
-1.059412
-0.87316155
-1.2185146
-1.4407723
-1.4519847
-1.1862521
-1.3390376
-1.0385173
-1.4614225
-1.1084536
-1.1196942
-1.0989134
-1.4085331
-1.5115734
-1.0559667
-0.55043438
-0.22390533
-1.0770199
-1.1100671
-1.2333665
-1.4754095
-0.060901119
-1.1702556
-0.56444258
-1.1119006
-0.78700819
-1.1778243
-1.4199513
-1.1207393
-0.76501816
-1.4922985
-1.497398
-1.1848595
-1.1849852
-1.0355394
-0.72916843
-1.536031
-1.2510388
-1.3640629
-1.1989824
-1.7782337
-1.2537759
-1.3901368
-1.0855039
-1.2462356
-1.5330301
0.036399002
-1.0965116
-1.2703698
-1.4923968
-1.4179025
-1.3783995
-1.117338
-1.3107716
-0.92876837
-1.1488168
-1.1542988
-0.98912198
-1.0957092
-1.2127113
-1.3487093
-1.4174483
-1.2285083
-0.97651228
-1.4630282
-1.1331136
-1.3299698
-1.0738376
-1.2093711
-0.92539301
-0.95932625
-1.2159193
-1.2862486
-1.228619
-1.2185687
-1.0164521
-0.91752813
0.46181359
-1.3877578
-1.1484921
-0.6106418
-1.0963515
-1.1044046
-1.6341457
-1.2776496
-1.0438236
-1.3104057
-0.37060398
-1.1871472
-1.336467
-0.9758175
-1.1067472
-1.1617954
-1.3724499
-1.3859886
-1.0667891
-1.2088481
-1.1967344
-1.2936506
-1.3966009
-1.0440207
-1.2500897
-1.2631148
-0.7153514
-0.78055749
-1.1741919
-0.24995938
-1.3349087
-1.0852989
-1.067803
-1.7377905
-0.94213817
-1.1640214
-1.1075343
-0.77527365
-1.5277945
-1.074559
-1.1719887
-1.3786406
-1.3614922
-1.2951955
-1.2708126
-1.7274924
-1.2219148
-1.2359828
-1.4104935
-1.1330209
-0.97420769
-1.2500967
-1.1432457
-1.1700709
-1.2732296
-1.1460439
-1.2264257
-1.3193312
-0.49372388
-1.3357941
-1.4193773
-1.2707958
-1.2314615
-1.5956081
-1.0314203
-1.4587482
-0.70720525
-1.2151461
-1.6577707
-1.2866688
-0.025748356
-0.71765373
-1.4252441
-1.229916
-0.95033762
-1.3746734
-0.58397619
-1.0118399
-1.1050655
-1.374448
0.32049845
-1.295634
-1.2210176
-1.5188544
-0.12909958
-0.98491932
-1.3819747
-0.73438963
-1.3444906
-1.3174587
-1.8811156
-1.2227463
-1.3387776
-1.0497491
-0.50979848
-0.74218201
-1.4797705
-0.95768658
-1.2624951
-1.295253
-1.624445
-1.1813803
-1.4028411
-1.6600642
-1.0615781
-1.347446
-1.4921096
-0.012105822
-1.4954058
-1.1596531
-0.99228039
-1.1999183
-1.0856115
0.38997496
-0.99073424
-1.2258239
-1.2553545
-1.0967545
-1.3574959
-1.1287301
-1.116196
-1.3489188
-0.71975721
-1.2539667
-1.4322746
-0.74141654
-1.2027122
-0.95755004
-1.3680105
-1.0959558
-1.2475594
-0.86626723
-1.1110614
-1.0651708
-1.2830559
-1.2688591
-1.0035669
-1.7363337
-1.2458534
-1.2503787
-1.2382907
-1.0351546
-1.1735662
0.098651067
-1.5105318
-0.92824579
-0.75982821
-0.41876641
-0.98898396
-1.3190642
-1.5021154
-1.1703758
-0.74476145
-1.7921811
-1.3367299
-0.42637359
-1.2674512
-1.2697914
-1.3330102
-1.4709621
-1.0709303
-1.1061428
0.17057892
-1.551781
-1.0425971
-1.6532497
-1.2407658
-0.87017344
-1.3433603
-1.1184102
-1.123161
-1.2450103
-1.2191821
-1.4113367
-0.99179854
-1.3557682
-1.7437256
-1.3156598
-0.97904945
-1.4238026
-1.0178823
-1.2911254
-0.81540199
-1.0057368
-1.23757
-1.1793941
-1.075761
-1.4196349
-1.3700043
-0.89132307
-0.70724197
-1.7821529
-1.2398064
-1.4967291
-0.80962221
-1.3701713
-1.6360097
-1.1169778
-1.5044004
-0.25904349
-0.96519024
-1.0731667
-0.92801119
-1.2989279
-1.1528551
-1.3628655
-1.600256
-1.3172002
-0.97182405
-1.352459
-1.1356651
-1.3608018
-1.0738354
-1.2927107
-1.2252632
0.35596648
-0.67530172
-1.422847
-0.79195499
-1.1579281
-2.0531891
-0.99300907
-1.3679064
-1.2257999
-1.2071817
-1.7936927
-1.3758924
-1.165003
-1.5456786
-0.7162991
-1.3087476
-1.1550083
-1.5686266
-1.4768206
-1.2562971
-0.91352907
-1.1259325
-1.2646884
-0.20699051
-1.0638312
-1.2753614
-1.2775606
-0.87637315
-1.3248171
-1.5390072
-1.2216094
-1.2792916
-1.2557523
-1.1460973
-1.2343246
-1.3436058
-1.3745912
-1.2418913
-0.90473395
-1.3916675
-1.0146053
-1.1173535
-1.1292344
-0.97939028
-0.86028598
-1.3051107
-1.4155183
-1.7430167
-1.1042897
-1.3642431
-1.0390291
-1.1256094
-1.0923067
-1.4835447
-1.2771091
-1.2504307
-1.1626054
-1.2805192
-1.4253809
-0.9627825
-1.4129725
-1.2807983
-1.3018605
-0.95748021
-1.1928568
-1.3666876
-1.1446527
-0.86940568
-1.1740726
-1.4572416
-0.81475619
-1.3082359
-1.2021583
-1.4285548
-1.2935371
-0.51084822
-1.2054198
-1.1468149
-0.75363075
-1.4642238
-0.98642688
-1.5024978
-0.93342661
-1.1920348
-1.1741586
-1.340761
-1.2000451
-1.2650221
-0.62607741
-1.2895462
-0.026005455
-1.0898896
-0.94681804
-1.2123917
-0.35354554
-1.3089803
-1.2958088
-1.1943244
-1.2147226
-1.4413804
-1.1548876
-0.82674711
-1.093773
-1.2409137
-1.2157087
-1.0215291
-1.477678
-0.78914129
-1.1145009
-1.0553134
-0.56745698
-1.0297737
-1.3282966
-1.4035501
-0.76955376
-0.45188377
-1.1443675
-0.74754074
-1.2953248
-1.1554427
-1.0541966
-1.3485842
-1.1881427
-0.95651495
-1.4600749
-1.3405048
-1.2685492
-1.0326161
-0.40296021
-1.1318356
-0.059389583
-1.2295344
-1.2025253
-1.4713699
-1.1912978
-1.3196895
-1.5953471
-1.2421448
-1.2833
-1.2602441
-0.89023255
0.050558336
-1.3936379
-1.2946381
-1.3884516
-0.50413901
-1.366577
-1.3311037
-1.2445674
-1.232224
-1.0079272
-1.2514315
-1.0424927
-1.1815835
-0.73408116
-1.1877853
-1.3594121
-1.4638622
-1.5502418
-1.1437601
-1.0120911
-0.96221642
-0.61681543
-1.5436509
-1.4095458
-1.0826271
-1.3055292
-1.1024714
-1.0988949
-1.0189214
-1.3669084
-1.2747931
-1.2595483
-1.4927908
-1.133984
-1.3934621
-0.89579722
-1.3571944
-1.1855518
-1.2833017
-1.4203207
-1.2272727
-1.2410257
-1.0931058
-0.92575932
-1.1782591
-0.93550739
-1.6894088
-1.3752784
-0.85219206
-1.1532602
-1.2868712
-0.57356981
-1.2982193
-1.3088021
-1.2778683
-1.2425839
-1.3731791
-1.2989669
-1.0373673
-1.1946688
-1.1080014
-1.0836841
-0.95245416
-1.4974071
-1.2301681
-1.0901665
-1.0913262
-1.354963
-1.0934195
-1.4267615
-1.2653799
-0.88536485
-1.2992971
-0.83337839
-1.2879269
-1.3127955
-1.1671229
-1.0180802
-1.1888797
-1.3008996
-1.1681995
-0.85474447
-1.5051894
-1.0742544
-1.2696526
-1.1261275
-1.0442254
-1.1249028
-1.0547644
-1.1849657
-0.9515951
-1.1848018
-1.6588979
-0.75498843
-1.3368723
-1.0624355
-1.3380193
-0.074049446
-0.94265784
-1.0552733
-1.3263499
-0.58092291
-1.1849115
-1.3778178
-1.0125806
0.47353531
-0.35114119
-1.3519576
-1.3149679
-0.17854789
-1.2825614
-0.69238275
-1.0666874
-1.1382672
-0.71241033
-0.8860961
-1.3592406
-1.298614
-0.24630971
-1.3334461
-1.078843
-1.3130399
-0.51076418
-1.7633296
-1.094326
-1.3322955
-0.72853154
-1.2425778
-1.3540385
-1.3402619
-1.0393561
-1.2711371
-1.1821005
-1.3712815
-1.1557709
-0.0054233726
-1.3854777
-0.48101541
0.61646364
-0.71668251
-1.2704247
-1.1452297
-1.3146744
-1.4815776
-1.1911677
-1.3309392
-1.4728875
-1.512992
-1.0786162
-0.78175791
-0.87278426
-0.90702524
-1.3003099
-0.81838629
-0.98856047
-1.1533118
-0.6202116
-1.2430246
-1.3852218
-0.95697847
-1.0290348
-1.1700073
-1.0630973
0.056574713
-1.3545188
-1.3927024
-1.3855279
-0.24010919
-1.5118505
-1.022504
-1.0392609
-1.5629384
-0.98947658
-1.1433445
-1.1392812
-1.2684135
-0.25716021
-1.5777618
-1.0957221
-1.2321131
-1.1726
-1.4286526
-1.2471434
-1.2809267
-1.0906579
-1.2927988
-1.3551486
-1.6777998
-1.5768316
-0.85270899
-1.4542616
-1.5100654
-1.3625045
-1.2050314
-1.519855
-1.0152789
-1.4111196
-1.2795338
-1.3614983
-1.0576199
-1.2394708
-0.91523762
-1.0983354
-0.28639779
-0.85619442
-1.4289668
-1.4821484
-0.94097646
-1.2229795
-1.0568773
-1.1197528
-1.5968179
-1.2514938
-1.3966156
-1.0386342
-0.87057499
-1.4864138
-1.0094922
-1.2337578
-1.4357545
-1.3499263
-1.0234841
-1.4536163
-1.3179423
-1.1292703
-1.0177556
-1.0378176
-1.2615286
-1.2908048
-1.0281626
-1.2673691
-1.546377
-1.4288862
-1.0603998
-1.3906919
-1.4881201
-1.4876941
-1.4561839
-1.2238632
-1.6002348
-0.19214851
-1.2622859
-1.2126778
-0.52840922
-1.3002432
-1.3824951
-1.01598
-1.1014049
-1.6429828
-1.3180678
-1.2530487
-1.2356584
-1.1946626
-1.301004
-1.3301762
-1.2031526
-1.123329
-0.6667287
-1.1513847
-1.4959975
-1.2546793
-1.2413185
-1.4205421
-1.2446629
0.53302675
-1.435516
-1.6236433
-1.5447933
-1.0045456
-0.50808697
-1.0730016
-0.78097207
-1.2278314
-1.3884418
-1.1768022
-1.2102729
-0.6827862
-0.93205065
-0.98114022
-0.70023146
-0.97689616
-1.000851
-1.0920873
-1.1481455
-1.2984646
-0.81011557
-1.1155856
-1.1057865
-1.1278946
-0.92435754
-1.3718825
-1.2081065
-1.088464
-1.0806593
-1.4788892
-1.3998416
-1.0884509
-1.2664431
-1.3452332
-1.4408033
-0.92248833
-0.93212591
-1.2161111
-1.2213093
-1.1371658
-1.3459302
0.47707802
-0.94822004
-1.1105803
-0.9572605
-1.0016913
-1.1070934
-1.2904568
-1.3393868
-0.94904735
-0.90544432
-1.2527318
-0.57679497
-0.99860232
-1.1895087
-0.983319
-0.71344171
-1.0131907
-1.029226
-1.3882771
-0.85478439
-1.3063895
-1.6002361
-1.2869509
-1.0484594
-1.1263309
-1.4226938
-0.98810165
-1.1910189
-1.3999674
-1.4403224
-1.2022198
0.99114533
-1.3715019
-0.96439998
-1.5172112
-1.4173235
-0.99884418
-1.2486558
-1.0990741
-1.3758201
-1.2168368
-1.0166797
-0.79710065
-1.2390786
-1.3401127
-0.13646603
-1.5457757
-0.98906541
-1.2328063
-1.152334
-1.3413276
-1.1184917
-1.100221
-1.0165881
-1.3845708
-1.1018983
-1.5145046
-0.99967551
-1.4240206
-1.2669807
-0.75819656
0.4005858
-0.30375313
-0.99663559
-1.1989389
-1.6694808
-1.440039
-0.45138408
-1.2255671
-1.1126312
-0.97803741
-1.3795903
-0.37140943
-1.1637547
-0.99377599
-0.80472689
-1.5597184
-1.0913694
0.0085412546
-1.2077571
-1.2935927
-0.82890733
-1.0348593
-1.0890072
-0.92222527
-1.4110201
-0.8875368
-0.92853485
-0.9028505
-0.28802756
-1.1341453
-0.86560492
-0.84118141
-1.3387099
-1.2343587
-1.1883307
-1.0814472
-1.2152008
-1.2341218
-1.2332532
-1.3214988
-1.1935895
-0.77609138
-0.91373548
-1.4493097
-1.2007487
-1.2782477
-1.3294028
-1.227151
-1.2990722
-0.81824405
-1.1145006
-0.98924856
-0.59855073
-0.95302754
-1.161333
-0.91024954
-1.1832732
-0.92636605
-1.4550085
-1.4862188
-0.96728821
-1.0401429
-1.5084895
-0.91437375
-0.72224233
-1.5436234
-0.80098697
-1.3947831
-0.84771448
-0.84102494
-1.1922299
-1.0109718
-1.0373654
-1.6305744
-1.2365563
-0.87428387
-1.6620483
-1.3690643
-0.75305871
-0.9335334
-1.2362146
-0.89755586
-0.99472746
-1.1886254
-1.0420988
-0.4135025
-1.1866448
-1.0836494
-1.0400571
-1.2692739
-1.2975455
-1.0431953
-1.3678347
-1.0276848
-1.4686815
-1.0363122
-1.5377671
-0.75401786
-1.365585
-1.6912613
-1.14324
-1.1576325
-0.87179043
-1.3771897
-1.1175919
-1.004076
-0.79000121
-1.048396
-0.87992096
-1.110834
-1.3622329
-1.2135453
-0.1892027
-1.5498811
-1.5811013
-0.79874487
-1.3341443
0.028315463
-1.3035427
-1.5925274
-0.12146655
-1.5727858
0.014609605
-0.87579542
-1.2771584
-1.0846807
-0.53538623
-1.4318596
0.029260107
-1.2963322
-1.4659653
-1.0719277
-1.222521
-1.3442864
-0.76700675
-1.1268527
-0.97078952
-0.48676742
0.14369643
-1.3184386
-1.0184977
-1.34358
0.80808402
-1.2927291
-1.6495772
-0.94007074
-1.7338977
-1.1348057
-1.3830682
-1.2137182
-1.3789562
-1.3451948
-1.4009234
-1.1188765
-1.2403091
-1.2726
-1.1891274
-1.1701138
-1.2036624
-0.99231004
-1.1959381
-1.3306759
-0.96129397
-1.0240161
-1.2550815
-0.90237166
-1.2056717
-1.1549636
-1.4004416
-1.4435545
-1.1676115
-1.2128844
-1.1823094
-1.2332393
-1.2579916
-1.1159383
-1.1752671
-1.0186367
-1.2192406
-1.1363727
-0.9870399
-1.2555777
-1.1566085
-1.0097862
-1.2346245
-1.1192665
-1.3896488
-1.5018264
-1.0246778
-1.3687697
-0.82164799
-1.6334934
-1.2340801
-1.1653005
-1.448199
-1.2142031
-0.65950607
-0.90308991
-1.2374116
-1.0355755
-1.046151
-1.2141126
-1.1808476
-1.2615043
-1.2417892
-1.396659
-0.5975462
-1.1713515
-1.1668005
-1.5999131
-1.1227008
-1.5187658
-1.2410236
-1.2103987
-0.97478084
-1.1513715
-0.75517952
-1.3341965
-1.3672944
0.087111873
-1.1960985
-1.0703229
-1.3361181
-1.2614492
-1.3036625
-0.9902567
-1.0434516
-1.1765117
-0.98778113
-0.95997684
-1.4227115
1.1035374
-1.0658804
-0.72749576
0.34115345
-1.203644
-1.1114939
-1.386517
-1.142726
-0.46399567
-1.1424904
-1.0306862
-0.93303736
-1.5944784
-1.3955248
-1.252191
-1.2457438
-1.2851333
-1.1541156
-1.1370912
-1.6083175
-1.2731941
-1.2827596
-1.1298533
-0.84718278
-1.0543534
-0.90221877
-1.8307353
-0.93788882
-1.1122551
-1.3968491
-1.1865827
-0.72102244
-1.5528123
-1.0108279
-0.9190065
-1.2004859
-1.2245345
-1.3758154
-1.2180848
-0.9830912
-0.90703108
-1.244126
-1.3387023
-1.2923263
-1.1393716
-1.1414461
-1.323069
-1.4283617
-1.2096751
0.056152271
-1.4208013
-0.48061492
-1.2062254
-1.6334595
-1.7068489
-1.3283759
-1.4367178
-1.3351252
-1.1143465
-1.5680508
-1.2872771
-1.564238
-1.1389052
-1.3286904
-1.6246775
-1.4260847
-0.99783642
-1.2665091
-1.259575
-1.140409
-1.306324
-0.981424
-1.6168686
-1.287978
-1.0583018
-1.2499504
-1.1910651
-0.86987201
-1.3831352
-1.0875388
-1.0323362
-1.1995518
-1.0007127
-1.440542
-1.2154949
-0.92114594
-1.3411659
-1.4304619
-1.2555584
-0.71780845
-1.3477732
-1.3800173
-1.2664692
-1.241084
-1.0629561
-1.2040893
-1.1303381
-0.91550724
-1.1341612
-1.2127148
-1.1885957
-1.1289492
-1.2103199
-1.4472767
-1.5511078
-1.199006
-0.76737338
-1.3967447
-1.2884605
-1.1801533
-1.1694171
-1.3127713
-1.265599
-1.2753701
-1.1940969
-1.2255494
-1.3171732
-1.2417408
-1.0245249
-0.73865593
-1.5378142
-1.4524134
-1.0723875
-0.35884222
-1.4569645
-1.2913679
-0.73953187
-1.4088305
-0.65866061
-1.0675969
-0.99797621
-0.95045257
-0.73390226
-1.0123445
-1.3735948
-1.1572669
-1.2637257
-0.99865738
-1.0559655
-0.49420652
-0.94521169
-0.862017
-1.6353695
-1.4827331
-1.5111911
-1.1995525
-1.4167093
-1.1450283
-1.4493622
-1.7949755
-0.85132275
-1.1105207
-0.93886101
-1.4604234
-0.85327127
-1.4979085
-1.2998959
-0.98457651
-1.2312616
-1.3834528
-1.0772107
-0.85969498
-1.32348
-0.81586261
-0.36141203
-1.2778228
-1.1069025
-1.3932443
-1.0031527
-0.64532637
-0.91721843
-0.65771546
-1.1609923
-1.2561024
-1.5834947
-1.0402352
-1.0524126
-1.1677093
-0.24529541
-1.315229
-1.507112
-1.2517229
-1.3207493
-0.8222413
-1.3801978
-1.5137919
0.059870206
-1.105147
-1.3399351
-1.0344973
-1.010073
-1.5797897
-1.4836681
-1.3575231
-1.1593628
-1.5552988
-0.8026882
-1.1897356
-1.3976385
-1.2630046
-0.33019534
-1.3308953
-0.75887346
-1.0797245
-1.2884281
-1.0671129
-1.5973025
-1.5441326
-1.2872649
-1.163856
-1.3104129
-1.1955162
-1.1393787
-1.1289095
-1.1062625
-1.0173448
-1.0645269
0.59033736
-1.2449473
-1.1579393
-1.0664478
-1.3353773
-1.0977626
-1.0662252
-1.2478263
-1.2449311
-1.546842
-0.82155551
-1.1663655
-1.2863933
-0.76916507
-1.1223299
-1.1583742
-1.0548044
-1.1453049
-1.1099608
-1.0564299
-1.194378
-0.8966664
-1.3766578
-1.1743044
-1.159904
-1.1520059
0.77922662
-1.0763823
-0.71939393
-0.88827115
0.11974431
-0.44445594
-0.52321891
-0.82777927
-1.2869895
-1.1781139
-0.58248402
-1.1079045
-1.1396354
-1.1447844
-1.4865367
-1.3058375
-1.1054412
-1.2778694
-1.1204075
-1.4565204
-0.94860176
-1.0804889
-1.2078314
-0.9511445
-0.79403053
-1.1782078
-1.5219396
-1.6776705
-1.243416
-0.98318521
-1.026718
-1.5502413
-1.4190777
-1.3812179
-0.6603864
-1.2146684
-1.6170144
-0.95085178
0.71923335
-1.3484976
-2.0134452
-1.0777195
-1.2438734
-1.618124
-0.28947645
-0.85535662
-1.15069
-1.3484015
-0.40141522
-1.3213377
-1.3001993
-1.1478599
-1.2519988
-1.2489758
-1.1433154
-1.2334761
-1.1049581
-1.0667862
-1.0502484
-1.4560234
0.039167798
-1.3595034
-1.0421496
-0.29270693
-1.3154891
-1.1045793
-0.77572006
-1.0875754
-1.3190708
-0.93839258
-0.90201226
-1.5043055
-1.6302323
-1.240247
-1.2180997
-1.2254111
-1.366503
-1.2262691
-1.5621297
-1.0534688
