-1.2227058
0.48273681
-1.1293572
-1.0103727
0.51169072
-1.4944215
-0.99656719
-1.1948279
-1.1728252
-1.3035996
-0.98796085
-1.0688077
-1.1854424
-1.0532797
-1.0662153
-0.78470675
-0.98350851
-1.0224116
-1.3511399
-0.9382286
-1.0207125
1.1902368
-1.2771452
-1.1869799
-1.2273055
-1.0024487
-1.2201025
-0.92208895
-0.82633762
-1.1613743
-0.53290451
-0.87714952
-1.1308776
-1.0406631
-1.1787242
-1.4634478
-1.4245668
-1.4073236
-1.1689464
-1.0595779
-1.2940254
-1.2617778
-0.045652009
-1.3484246
-1.2711231
-0.059145898
-1.3221985
-1.3049529
-0.97437559
-1.209016
-0.94354126
-1.1874871
-0.94054305
-0.93588277
-0.8784015
-0.79955563
-1.3947375
-1.2500889
-1.0435738
-0.76247283
-1.1796326
-1.1207099
-1.1545383
-1.1836748
-1.0139793
-1.0948802
-1.1295393
-0.93691822
0.076238356
-1.1842557
-1.2748825
-0.97014556
-1.1254951
-1.2342918
-0.99876176
-1.4410322
-0.042291179
-1.0535399
-1.1937803
0.30398484
-1.218751
-1.6011089
-0.61636449
-1.0018241
-1.2169652
-1.2531412
-1.2466653
-0.89688107
-0.58116307
-1.0931484
-1.1748542
-1.4369685
-0.92716758
-0.86314313
-0.98690981
-1.1516062
-0.91054976
-1.0816358
-1.1491912
-1.1681755
-1.2768931
-1.4658803
-1.1023206
-1.1356158
-1.4926984
-1.1788932
-1.0084409
-0.88308929
-1.607932
-1.2110826
-0.66597647
-1.0642203
-1.4709798
-0.98347125
-1.0843636
-1.0191852
-0.94278681
-1.1094198
1.6490138
-1.3706666
-1.4405295
-1.1837599
-1.0799817
-1.5367186
-1.3240002
-0.99947552
-1.2022067
-1.6653618
-0.92625922
-1.256198
-0.83473912
-0.97301127
-1.2193673
-1.1634429
-1.0663012
-1.1299677
-0.95339366
-1.2059088
-1.1984121
-1.3060691
-1.1945857
-0.95998934
-1.1588448
-1.1723722
-0.96549859
-1.2140703
-0.84080383
-1.0729699
-1.2196049
-0.97568621
-0.96841189
-1.1435086
-0.89948813
-1.565322
-1.0129481
-1.01709
-0.65650957
-1.452052
-0.9679629
-1.2696305
-1.1548613
-1.4981924
1.1200295
-0.70995426
-1.0704235
-1.1330647
-1.0530247
-0.89056605
-0.9191202
-1.0804874
-0.94515139
-0.99791619
-1.2067107
-1.170037
-1.0464756
0.16510924
-1.1119231
-1.0938549
-0.95704538
-1.2005013
-1.3067254
-1.0886467
-0.93121983
-1.1029838
-1.3861134
-1.3646298
-1.1367273
-1.0358616
-1.5484792
0.10118835
-1.3049951
-1.2142708
-1.3072922
-1.3986874
-1.0743223
-1.4508991
-0.85070218
-1.3728194
-1.1122235
-0.86593498
-0.44970022
-1.1822726
-1.0995856
0.1615618
-1.1267012
-1.1355144
-0.94885013
-1.1191136
-1.0682043
-1.2796048
-1.2354666
-0.71493731
-1.3077576
-1.1955859
-0.97004509
-1.3515691
-1.1618472
-1.2696437
-0.87887237
-1.0635143
-1.3194787
-1.1988226
-0.94095212
-1.3323032
-1.2917615
-0.84183008
-0.91534905
-0.74435853
-1.1540506
-1.0947056
-1.2117072
-0.97594264
-1.1200325
-1.1868282
-0.66009696
-1.1236805
-1.0304072
-0.86642248
-1.4971429
-1.1092157
-1.2128831
-1.0935837
0.27730143
0.27627014
-1.1725892
1.9104527
-1.3521616
-1.1779012
-0.77149796
-0.87824327
-0.95456348
-1.1954192
-0.96095333
-0.96798245
-0.92304657
-1.1481954
-1.1263451
-1.2286726
-0.57268163
-1.7454389
-1.0254625
0.1968073
-0.85062564
-1.4508236
-1.3231046
-0.982023
-0.8329015
-1.236597
-1.1254353
-1.0414431
-1.224753
-0.41217527
-1.1163119
-1.0004999
-1.0496022
-1.5130585
-1.2246446
-1.2492554
-1.3232114
-1.5814802
-0.86731565
-1.0093856
-1.0502504
-1.1910968
-1.0737323
-1.0990471
-1.0458306
-1.2133974
-0.9105315
-1.1573684
-0.95501175
-1.0116037
-1.2233403
0.80681789
-1.2672094
-1.3263052
-1.3745819
-1.1152865
-1.1027041
-1.1533396
-0.98829362
-1.254881
-0.8204306
-0.039598275
-1.158684
-1.1515141
-1.246611
-1.3179587
-1.0035657
-1.2781324
-1.4185495
-1.4887654
-1.2138037
-1.0666947
-1.0590561
-1.2930217
-1.0371035
-1.1591172
-1.4784003
-1.0317432
1.2402575
-1.1006345
-1.3159999
-0.65859698
-1.2177966
-1.106485
-1.2205535
-1.2360373
-0.98032933
-0.99950643
-0.902309
-1.1598321
-1.2576832
-1.4735998
-0.65234369
-1.601217
1.0080162
-1.0441286
-1.4129468
-1.0393957
-1.3172564
-1.0621865
-1.3363932
-1.1626035
-0.95198228
-1.2912979
-1.4083161
-1.3478881
-1.2428453
-1.3726139
-1.1707159
-1.0536628
-1.0556272
-1.1935327
-1.142234
-1.3656648
-0.96861203
-0.52888743
-1.2337965
-0.51644437
-0.95350695
-0.85884643
-1.3307199
-0.76051605
-0.43440481
-1.1040644
-1.1969809
-0.71508551
-1.2376516
-1.3539498
-1.2402795
-1.6593416
-1.3028958
-0.62700717
-1.2683633
-1.3434736
-1.3080203
-1.1794572
-0.83066864
-1.0310566
-1.276909
-1.0762595
-1.1182086
-1.4975372
-0.96335683
-1.3596133
-1.2501673
-1.1222288
-0.67153941
-0.28923551
-1.1904538
-1.3017476
-1.2431824
-1.1205136
-1.2489042
-1.515556
-1.0934909
-1.3275123
-1.1456147
0.25751925
-1.4902816
-1.1377832
-1.4475606
-0.95347729
-1.1515644
-1.1700191
-1.1808639
-1.1772962
-1.3809989
-1.1196316
-1.1312234
-0.87298679
-1.4376059
-0.93117386
-0.96561171
-1.2681613
-1.172417
-1.3529068
-1.2692412
-1.3308428
-1.2369433
-1.0684555
-1.1683262
-0.89715545
-0.7433032
-0.96112089
-1.0452526
-0.99964917
-1.3774692
-1.4122963
-1.1928824
-1.3809879
-0.92134452
-0.82339456
-1.2650021
0.47585975
-0.86542745
-1.2055691
-0.96140845
-1.2940249
-1.1854334
-1.2653014
-1.3051422
-1.2575203
-1.0236928
-1.4649726
0.37533235
0.76207213
-1.1271056
-1.2357361
-1.2912057
-1.0218221
-1.2310054
-1.4708623
-0.91836091
0.65265915
-1.2242168
-1.1800534
-1.007396
-0.85651124
-1.0886423
-0.56236261
-0.88957293
-1.0194712
-1.4368439
-1.2109784
-1.2648097
-0.85206715
-1.3243424
-1.0332615
-1.0966336
-1.0381442
-1.0796295
-1.2840211
-1.2423947
-1.0387378
-1.1878069
-1.2158904
-1.0623466
-1.1252744
-1.0261367
-1.3251989
-1.4289155
0.54766472
-0.9622347
-1.3587364
-1.2272483
-1.0129654
-1.0079507
-1.1214632
-1.0783467
-0.97740855
-1.3496335
-1.3425803
-1.2491963
-1.0176856
-1.28933
-0.9867343
-1.5266818
-1.1398306
-0.94649394
-1.1723281
-0.71940102
-1.4865581
-1.1056421
-1.2239677
-1.4946004
-1.1579308
-1.1732221
-1.0660241
-1.2984297
-1.6062968
-1.2783521
-1.3503317
-1.3738158
-1.5335049
-0.90606628
-1.2183534
-1.3476512
-1.0670843
-1.139389
-1.221936
-1.2362076
-1.286563
-0.91542647
-1.1256684
-1.2582032
-1.0555245
-1.2833708
-1.3623814
-1.0929993
-1.0397928
-0.88216381
-1.5244883
-1.1302582
-1.7047277
-0.99748577
-1.2078869
-0.2741241
-1.3632307
-0.87020991
-1.1807656
-1.1235137
-1.0813106
-0.78478576
-1.2452022
-1.0810066
-1.5003539
-1.4301183
-1.1459455
-1.1748589
-1.0730308
-1.3928527
-1.1055364
-1.4214535
-1.0332263
-0.19985554
-0.97904724
-0.80306761
-1.3937113
-0.72545532
-1.4144381
-0.9930606
-1.1876229
-1.3788499
-1.4482326
-0.87804048
-1.2167763
-0.41772468
-1.0083149
-1.2610406
-1.1447034
-0.6790261
-1.1245053
-1.221413
-0.80267234
-0.85605064
-1.2392988
-1.0103747
-1.0901593
-1.1443313
-1.477511
-1.4745876
-0.96409965
-1.1663963
-0.93977788
-1.2412021
1.1561402
-0.6490132
-1.4931481
-1.3159198
-1.0946559
-1.0911936
-1.0881426
-1.0767897
-1.0253102
-1.2458596
-1.3723716
-0.99481855
-1.3224057
-0.83877215
-1.2877643
-1.078204
-1.4033794
-1.0003799
-1.1062342
-0.75409266
-1.5716453
-0.98778978
-1.2440184
-1.2858737
-1.1459017
-1.0390899
-0.97080401
-1.2159073
-0.79789109
-1.0119323
-1.3303007
-1.1548967
-1.1308568
-1.1355842
-1.2519325
-1.2748605
-1.2852028
-1.0304625
-1.2199168
-1.1112947
-1.156346
-0.84614209
-0.90937197
-1.160548
-1.3578249
-1.1850416
-1.0780135
-1.2090745
-1.0119679
-1.347921
-1.1316528
-1.1557111
-1.085974
-1.0910146
-0.77092948
-1.0800308
-1.3015706
-0.94384928
-1.2964399
-1.1665689
-1.1815064
-1.4450353
-0.96354313
-1.3000861
-1.3048169
-1.3658673
-1.145441
-1.2103643
-1.0740822
-1.492322
-1.367919
-1.0639002
-1.2174408
-0.94588728
-1.0059515
-1.0943553
-1.4129566
-1.1857622
-1.5682144
-1.1547553
-1.5799155
-1.2390034
-1.325093
-1.259249
-0.96703494
-1.0436458
-1.2329681
-1.1744627
-1.2292468
-1.081547
-1.5381896
-0.93850302
-0.937951
-1.0356474
-1.2195559
-0.77486192
-1.2278618
-1.2525534
-0.92320652
-1.1333844
-1.2042727
-1.3954362
-1.0818622
-0.684676
-0.81876052
-1.4593992
-0.26961349
-0.73427279
-0.95692625
-1.3145624
-1.075277
1.637292
-1.1291361
-1.1325613
-1.3273
-0.80908179
-1.0296711
-1.4339044
1.3818998
-1.2252627
-1.0865522
-1.1613477
-1.0562342
-1.2092747
-1.2066472
-1.2437487
-0.77547282
-1.1677724
-1.1322511
-1.4464594
-1.1125135
-0.87214995
-1.0017923
-1.1578368
-1.176344
-1.0108962
-1.1964732
-1.1069103
-1.0346808
-1.0478395
-1.1544604
-1.0784967
-1.1396763
-1.4354327
-0.78008685
-1.056299
-1.0406835
-0.77802076
-0.55321175
-1.1835103
-1.0599044
1.0422541
-1.0180796
-1.2369152
-1.0466945
-1.255487
-1.0961779
-1.2052604
1.1538063
-1.0349149
-1.4467201
-1.2253069
-1.1445833
-0.68607813
-1.4280587
-1.1067126
-1.3591843
-0.85022896
-1.1031066
-1.0228766
-1.2400045
-1.0197767
-1.4283957
0.049894258
-0.84501359
-0.065466977
-0.98837758
-1.1510134
-0.98764761
-1.2102619
-1.172774
-0.89875878
-0.94284547
-0.94630439
-1.3540623
-1.1365649
-1.1080069
-0.21516853
-0.95708977
-0.95062301
-0.86829822
-1.0462539
-1.2826395
-1.260639
-0.96585267
-1.1278891
-1.1100953
-0.9211439
-1.8083572
-1.1133313
-1.1231387
-1.4488741
-1.5210808
-1.2568432
-1.2249847
-0.76391686
-0.79371128
-1.159509
-1.3285227
-1.1212279
-1.2686378
-1.0969515
-0.94346585
-1.3959494
-0.38148146
-1.1696653
-0.98070322
-1.0457835
-1.2508503
-0.25137069
-0.94213421
0.094875498
-1.0405102
-0.81327673
-0.13671197
-1.1565434
-1.0226534
-1.0225871
-0.099875411
-1.0182969
-1.4525213
-1.0233568
-1.1625908
-0.96694983
-1.1821572
-1.061264
-1.3046856
-0.8231935
-1.1218776
-0.72855339
-1.051927
-0.96883114
-1.1188186
-0.66107661
-1.3052759
-0.78091853
0.21771321
-1.0069594
0.048740324
-0.95314219
-1.2671369
-1.1278665
-1.0555478
-1.3145445
-1.5073406
-1.2548257
-1.3814059
-0.94043642
-1.318597
-1.2003062
-1.4763374
-1.2103054
-0.99455099
0.68456046
-1.4652065
-1.4096758
-1.1498259
-0.57319899
-1.2911885
-1.1288068
-1.0037497
-1.1130566
-1.1346367
-1.1013884
-0.97479929
-1.1668055
-1.3744061
-1.2044508
-0.90937393
-1.3032439
-1.435894
-1.0522909
-0.80096321
-1.1502305
-1.0073832
-1.0730421
-1.1139601
-0.66888891
-1.2339861
-1.4338904
-0.95323533
-1.2791374
-1.2074352
-0.94095543
-0.94732913
-1.3999999
-1.1242416
-1.0291499
-0.93589969
-0.93942053
-1.0153512
1.0271612
-1.3090147
-1.3120529
-0.69488389
-1.1738787
-1.4031699
-1.3388128
-1.156061
0.13734772
0.20708577
-1.1463767
-1.1018108
-0.9879519
-1.0257945
1.2814027
-1.0377538
-1.6698389
-1.523235
-1.0970286
-1.1604148
-1.252149
-0.99217279
-0.81224852
-0.98816894
-0.905081
-0.92744525
-1.4227549
-1.3830072
-1.0186553
-1.1886855
-1.3416659
-1.2592448
-1.0154384
-0.88247072
-1.3501511
-1.3908948
-1.0687893
-1.0637946
-1.2499642
-1.3639267
-0.49595551
-0.96840389
-1.1655655
-1.0751046
-1.1436436
-0.97057888
-0.97808625
-0.98904273
-1.1370573
-0.28993998
-0.91358098
-0.85350873
-1.536137
-1.1891828
-1.0057148
-0.26716267
-1.1121926
-1.1595135
-1.0925938
-0.9896324
-1.721352
-1.0720866
-0.86974948
0.82308313
-1.2469122
-1.0113581
-1.3871157
-1.2593857
-1.0903297
-0.41057603
-1.1427921
-0.32504928
-0.91596008
-1.0778992
-0.11143728
-1.2259967
-1.1140811
-1.0549671
-1.2158866
0.44452495
-1.1748978
-1.2206177
-1.1949891
-1.588957
-1.0666439
-1.0032958
-1.2509657
-1.1510358
-1.0224769
-1.505193
-1.2965525
-1.7605917
-0.88750507
-0.80063877
-1.0065659
-1.1117774
-1.4668419
-1.3311857
-1.1144547
-1.2125967
-1.2308729
-1.1137872
-1.1252929
-1.5101023
-1.6923023
-0.97126776
1.4769384
-1.0948979
-1.3680195
-1.2497739
-1.0192445
-1.140678
-1.0697642
-1.3436772
-1.391341
-1.1363941
-1.2257589
-1.2010111
-1.5375848
-0.92977226
-0.835765
-1.2796801
-1.354652
-0.98691385
-0.68854443
-1.0591479
-1.4486461
-1.1313167
-0.699711
-1.4462377
-1.132285
-1.2931963
-1.0317908
-1.3352668
-0.82405982
-1.3145244
-1.5421285
-1.3729962
-0.97519184
-1.0255725
-1.2798881
-1.2107966
-1.1216572
-1.0678959
-0.93522247
-1.2644569
-1.1330997
-1.1872017
-1.4322191
-1.2924307
-1.2769505
-1.1315418
-1.1430904
-0.998203
-1.3232402
-1.2333965
-1.0704903
-1.0481644
-0.90606125
-1.2885647
0.80940069
-0.91626295
-1.0793105
-1.0937152
-0.96833009
-1.2055056
-0.96435021
-1.3415777
-1.2199816
-1.4169154
-1.1578598
-0.82516451
-1.2358765
-1.1845971
-1.1548822
-0.93748571
-1.4338425
-1.0846086
-0.92840584
-1.1836068
-1.0968576
-1.5313863
-1.2346189
-1.4577984
-1.0706329
-1.3433103
-1.2372273
-1.3110635
-0.72153296
-0.97821038
-0.98528446
-1.1868774
-1.3340382
-1.1255097
-1.0800875
-1.4800214
-0.94286188
-1.1380696
-1.1838731
-1.3739692
-1.0815009
-1.0651141
-1.3776481
-1.1085244
-1.0433203
-0.95416045
-1.1929581
-1.0693981
-1.1772415
-1.4072028
-1.4474014
-1.2497774
-1.0058361
-1.3580876
-0.93676139
-1.4836019
-1.1973642
-0.62438614
-1.1636561
-1.0988098
-1.1078433
-1.1768623
-1.032486
-1.1641642
-1.1638101
-0.89257925
-1.004632
-1.111934
-1.2135996
-1.103942
-0.87568472
-1.0321679
-1.7943297
-1.2261441
-0.87935531
-0.91063396
-1.3035032
-1.1765028
-1.2006228
-1.4718991
-1.1750551
-1.015612
-1.2509844
-1.2218168
-1.0779383
-1.1364709
-1.1459114
-1.0382841
-1.5841679
-1.2454035
-1.3423509
0.24080152
-1.0383809
-1.3486997
-1.0093996
-1.2196196
-0.76891175
-1.120755
1.1879838
-1.1476516
-1.0395506
-0.99861543
-1.2178093
-1.0595903
-1.0568161
-1.3148667
-1.2815413
-1.2940884
-1.2401876
-1.392628
-1.0241416
-0.802819
-1.6094686
-1.3225054
-1.4863898
-0.95963036
-0.85433967
-1.262246
-1.2555362
-1.0125109
-1.2917374
1.2171432
-1.2252193
-0.93242512
-1.2747712
-1.1196493
-1.1662383
-0.99765277
-1.0711937
-1.1712302
-1.0588543
-1.3037699
-1.1483813
-1.6149589
-0.97327796
-0.98230109
-1.2377645
-1.0269017
-1.0765885
-1.3885436
-0.6583636
-1.0566476
-1.2810211
-1.0980226
-1.2875141
-1.2426217
-1.3762119
-1.5146078
-0.8346229
-1.2233537
-1.1464008
-0.93373381
-1.0507775
-0.60622313
-1.0698568
-1.1311258
-1.3026396
-0.76935304
-1.1049252
-1.3545511
-0.91268094
-0.73844402
-0.4892222
-1.1042341
-1.2148801
-1.4395339
-1.5188914
-1.3522293
-0.99306369
-1.2185013
-1.2793338
-0.97105234
-1.0175916
-1.4887105
-1.3880509
-1.3812252
-1.0093752
-0.62894145
-1.2800402
-1.0429027
-1.0080142
-1.2561017
-1.5568508
-1.1517295
-0.057987556
-1.3230262
-1.0255366
-1.1844342
-0.86860479
-1.3582693
-1.1135259
-1.3701451
-1.2370599
-0.99514133
-1.5147841
-1.3162722
-0.48764651
-1.2891345
-1.1085194
-1.1247843
-0.94242079
-1.064583
-1.1930987
-1.0848684
-1.1408801
-1.0870841
-0.92436574
-1.4653959
-1.0705616
-1.3725092
-1.3433088
-1.1407721
-1.309941
-1.413324
-1.1851675
-1.4811116
0.56232761
-1.2162096
-1.2901381
-1.0575514
-0.80430397
-1.2511918
-1.179634
-1.1945505
-0.8776171
-1.0997457
-1.1303794
-1.1013066
-0.71782679
-1.0487598
-1.1967825
-0.35481408
-1.3638101
-1.1012248
-1.087698
-1.1400607
-1.2351025
-1.0659008
0.55367911
-0.93222992
-1.220007
-1.1235646
-1.2724299
-1.1300041
-1.071201
-1.1620558
-1.1480151
-1.2151783
0.085764492
-1.0974308
-1.1989136
-0.91769957
-1.2374797
-1.3083923
-1.2302107
0.22023698
-1.0520226
-1.2877977
-0.90151129
-1.1613267
-0.9424765
-0.9035046
-1.218658
-0.99903964
0.30334575
-1.149831
-1.2764934
-1.1877634
-1.2016751
-1.0663396
-1.1178536
-1.3518044
-0.73576153
-1.5679676
-0.27488222
-1.1742187
-1.4394339
-1.0635551
-1.1536933
-1.0195604
-1.1307162
-1.2571687
-0.94049672
-1.0427326
-1.1842222
-1.3273273
-1.0214702
-1.221388
-1.1089485
-1.2151009
-1.0538495
-1.1627482
-1.0023633
-0.95988573
-0.78947599
0.30143644
-0.78072036
-0.52930291
-0.97891515
-0.71561107
-1.2378585
-1.4423685
-1.0960086
-0.94504926
-1.3525053
-1.3888446
-1.1612071
-0.97606508
-1.3293242
-1.367799
-1.1710315
-1.0855853
-0.99792784
0.12166922
-0.93917223
-0.97808569
-1.4835181
-0.97795056
-1.1495312
-1.1965357
-1.7800451
-1.117846
-1.277904
-1.3712591
-1.0638063
-1.4750674
-0.86016117
-1.1003018
-1.271826
-1.0298507
-1.2116245
1.8488274
-1.0506675
-1.1065248
-1.1276207
-1.2058611
-1.3714911
-1.1405659
-0.93790166
-1.0820759
1.2035707
-1.0615713
-1.2193552
-1.1992674
-1.5269206
-1.1335781
-1.0892555
-1.1091118
-0.89454492
-1.2647775
-0.14051645
-1.0843935
-0.93786599
-1.0241809
-0.80412515
-1.3099228
-1.28096
-1.3405816
-1.3423563
-1.4509562
-1.2647385
-1.0361198
-1.0677973
-1.1538428
-1.1854736
-1.2366893
-0.7050921
-1.0269901
-1.1284824
-0.98861189
-1.0399124
-0.89246781
-1.5523221
-1.1182333
-0.71788107
-0.99253463
-1.0099398
-1.1076461
0.55900859
-0.93414938
-1.250047
-1.4028082
-1.1713564
-1.0654009
