-1.2391126
-1.2991947
-1.0681746
-0.96881247
-1.2247011
-1.3892457
-1.4970722
-0.93512951
-1.314698
-1.2177069
-1.2206243
-1.0666703
-1.3224565
-1.4171454
-1.2926248
-1.092283
-1.0164914
-1.4331899
-0.94372807
-1.1050163
-1.1232695
-1.5494054
-1.1877869
-1.3630332
-0.8763757
-1.1345878
-1.4095583
-1.2831986
-1.0895729
-0.97093229
-1.4015012
-1.4418388
-0.94082994
-1.3878626
-1.0947455
-1.315859
-1.2337138
-1.0457815
-1.4186757
-1.1793323
-1.2642734
-1.3766034
-1.0988779
-1.5397677
-0.87008383
-1.0041721
-0.77234436
-1.353627
-1.4480021
-1.0616638
-0.81449582
-0.9572819
-0.84772459
-0.88055195
-1.4216568
-1.2490187
-1.4728793
-1.2555479
-1.4237748
-1.081039
-0.93148097
-1.3248839
-1.1954413
-1.2332567
-1.1492365
-1.0708764
-1.49874
-0.77761364
-1.1016038
-0.96508111
-1.2368172
-1.1223037
-1.0646777
-1.3539687
-0.80588188
-1.2036871
-1.4017618
-0.60939888
-1.2607024
-1.0454273
-1.422365
-1.0303034
-1.4572609
-1.2626603
-1.2559098
-0.85217419
-1.1445369
-0.97943502
-1.2286834
-1.13605
-1.2366639
-1.3750013
-0.88571329
-1.0957616
-1.2053301
-1.3785324
-1.1586121
-1.1824546
-1.1921525
-0.90451343
-0.94408006
-1.1945202
-1.300543
-1.1814136
-1.2916687
-1.385723
-1.4368945
-1.0878653
-1.4700634
-1.2110484
-0.9376208
-1.0926457
-1.3058305
-1.2525166
-0.71078124
-1.5052373
-0.36503054
-0.72657941
-1.316779
-0.97077421
-1.0528809
-0.94797381
0.46200541
-1.185478
-0.94878066
-1.5798659
-1.3348652
-1.365613
-1.3698263
-1.2374345
-0.89254558
0.046547556
-1.2365725
-1.1155889
-1.0527755
-1.0061823
-0.95405543
-1.2697757
-1.2817446
-1.4202952
-0.98826001
-1.1160754
-1.261932
-1.2509112
-1.0811016
-0.68425438
-1.1120027
-1.1548041
-1.0468849
-0.66132276
-1.4708161
-0.94990894
-0.96300846
-1.0986821
-0.73276691
-1.0510999
-1.4448238
-1.2744884
-1.1760187
-1.104849
-1.2870016
-1.1303698
-0.89927861
-1.1064314
-1.1356059
-1.002792
-1.1716475
-1.3201078
-1.1471372
-1.2024292
-0.98290251
-1.3037582
-1.1791424
-1.2037558
-1.0637701
-1.0395432
-1.0490516
-1.2589558
-1.2148281
-1.343679
-1.4752677
-1.1361181
-0.94823698
-1.2790833
-0.87162789
-1.0000877
-0.10970777
-0.76678221
-1.538159
-1.0249227
-1.3522367
-1.152986
-1.0143524
-1.2577308
-0.27394907
-0.60388618
-1.2216721
-0.89546943
-1.3296454
-1.3377585
-1.3867427
-1.0699124
-1.1292548
-0.968435
-1.405508
-0.98225633
-0.90636979
-1.1944859
-1.1664767
-1.1458238
-1.4301718
-1.0996228
-1.2522923
-0.89594087
-1.3884366
-1.0510189
-0.9651145
-0.75229395
-1.4328164
-0.92917774
-0.9452295
-1.3331158
-1.0240378
-1.027553
-1.1680308
-1.3940099
-1.0815805
-1.1176914
-1.1467883
-1.1161154
-1.2880074
-0.82032875
-0.8010847
-1.3216387
-1.1705213
-0.89395242
-1.2276012
-0.22749361
-0.9735203
-1.0484991
-1.0527672
-1.5519288
-1.2127838
-0.99177589
-1.3076758
-0.8646575
-1.385446
-1.1726316
-1.1482617
-1.2735822
-1.177663
-1.1083636
-1.2412335
-0.4773175
-1.3115184
-0.91733482
-1.3567688
-1.1896349
-1.254313
-1.5441382
-1.0883304
-1.1174916
-1.0778126
-1.5705783
-1.2078568
-1.0694232
-1.1069009
-1.2217442
-0.86911538
-1.065956
-1.3431618
-1.1878876
-1.2332103
-1.2104676
-0.85715614
-1.475394
-1.5579563
-1.390215
-1.3094502
-1.2379755
-1.3245267
-0.90495975
-1.047564
-1.3193629
-1.1508103
-1.2348217
-1.3452736
-1.1085333
-1.1151077
-1.4433444
-1.1498541
-1.2189561
-1.3235235
-1.377574
-0.84921561
-1.4336669
-1.3552981
-1.4137308
-0.81992858
-1.1536925
-1.1238892
-1.4469534
-1.1539766
-1.2926659
-1.4342927
-1.0377376
-1.1661102
-1.3757513
-1.6794377
-1.2753294
-0.93371002
-0.87552804
-1.0575299
-1.169151
-1.3318618
-1.0736639
-1.0891891
-0.99521607
-1.0996104
-1.0617464
-1.0714115
-1.3070181
-1.3237236
-1.4595036
-1.2395228
-0.75387187
-0.91013189
-1.1198313
-1.3536119
-1.1915188
-1.1926915
-1.188835
-1.1704605
-1.4934663
-1.1657364
-1.023167
-1.1550959
-0.71560388
-0.51045851
-1.1062988
-0.58786679
-1.0471735
-0.91914942
-1.1490151
-1.1769035
-0.99711752
-1.5069079
-1.0164392
-0.7791849
-0.89986831
-1.2923013
-1.2055227
-0.87412351
-1.1531243
-1.0078574
-1.0456864
-1.3347243
-1.2927163
-0.95168547
-1.05555
-1.0801138
-1.4352861
-1.3155851
-0.85429758
-1.178644
-1.0937355
-1.4928064
-1.2927987
-0.68417985
-1.4318078
-0.95727841
-1.0984847
-0.97981124
-0.89530365
-1.2759902
-1.4001159
-1.126534
-1.220679
-0.92557447
-1.320021
-1.67283
-1.1734409
-1.1115115
-1.3052936
-1.1877997
-0.96072481
-0.99729551
-1.047474
-1.4088754
-1.0393639
-1.0826923
-1.4680248
-1.0929066
-0.70232364
-1.1024961
-1.518193
-1.1843127
-0.80242572
-1.0756416
-1.2471106
-1.2585508
-1.117816
-0.37379527
-1.2336279
-1.1855754
-1.0195814
-1.1090314
-0.75825568
-1.2568297
-1.1772495
-1.1805554
-1.1865134
-1.4447637
-1.0200539
-0.96933039
-1.4049426
-0.93970467
-1.1636941
-0.76377954
-1.4875785
-1.1415897
-1.1221434
-1.6168442
-1.1744291
-1.1577581
0.42513988
-1.2952214
-1.3470182
-1.0795332
-0.6600564
-1.0358352
-1.2062718
-0.99569769
-1.3518834
-1.3241567
-1.4630627
-1.2355082
-1.3971051
-1.2417149
-1.2909166
-1.0871311
-1.2575334
-0.92577972
-1.1547563
-1.0274734
-1.0393892
-1.3433639
-1.1154307
-1.2415928
-1.1609359
-1.1774763
-1.213953
-0.85144524
-1.3451645
-0.97567705
-1.2543802
-1.1414412
-1.2147866
-1.0799253
-1.350408
-1.0917269
-1.1437441
-1.196931
-1.5061405
-1.0092948
-1.0334393
-1.2766479
-1.1197818
-0.86238578
-1.0796631
-1.2784918
-1.0148433
0.22678764
-1.3812793
-0.92683746
-1.2525934
-1.1639161
-1.1535646
-1.5073374
-1.2553167
-1.1807266
-1.3246256
-1.3529665
-1.2664031
-0.95804226
-1.093431
-1.084438
-0.93979976
-1.3075409
-1.0252567
-1.045745
0.69461926
-0.37536794
-0.96856454
-1.1410325
-1.2150675
-1.1297307
-1.1436178
-0.77824243
-1.3193128
-1.073495
-1.4186341
-0.87003672
-1.0977522
-1.5011884
-0.61559061
-1.5547755
-1.3066699
-1.3805234
-1.1823941
-1.3672537
-0.89386119
-1.0716645
-0.47048972
-1.3011726
-0.90683018
-1.0099455
-1.1614367
-1.2281408
-0.85726815
-1.1264457
-1.1314488
-1.1621719
-0.88227306
-1.0777113
-1.250225
-1.2523686
-1.5023363
-1.0154042
-0.87608014
-1.2670992
-1.1118259
-1.0257494
-1.4011049
-1.0644574
-1.5458689
-1.0282966
-1.2771865
-1.1533503
-0.85229368
-1.2645219
-1.0144341
-0.93720382
-1.4281835
-0.358999
-1.333272
-0.80447921
-1.1892517
-1.0043903
-0.42737328
-1.34056
-0.96497868
-1.0448018
-1.0720181
-1.4436829
-1.2592788
-1.3254344
-1.6572299
-1.259353
-0.92417797
-0.89662868
-0.95118072
-1.1462914
-1.3675106
-1.1674291
-1.187989
-1.2914882
-1.1581617
-1.289735
-0.31766349
-1.1432616
-1.0866344
-1.1327202
-0.90473671
-1.2173191
-1.0738483
-1.0950469
-1.4030664
-1.0829966
-1.1826762
-1.2189608
-1.4449128
-1.0676486
-1.0374927
0.21286814
-1.272159
-1.0294801
-1.3052823
-1.3071201
-1.4680805
-1.1044773
-1.1183061
-1.2255366
-1.4430598
-1.117377
-1.1697696
-1.4029114
-1.0853088
-0.7298029
-0.65183963
-1.3124964
-1.2321025
-1.2672829
-1.2662668
-1.3591208
-1.4205579
-0.90151719
-1.2381209
-1.1142971
-1.6700858
-0.88759139
-1.1055501
-1.1678883
-1.0399069
-1.3687844
-1.123779
-1.0353067
-0.9924727
-1.0443867
-0.97540416
-0.84249096
-1.4550764
-1.183891
-1.2001742
-1.2449327
-1.5085366
-0.78380833
-0.89969691
-0.93996458
-1.1433885
-1.3405503
-0.81847232
-0.64931588
-1.095913
-1.6672753
-0.95098442
-0.77196855
-0.89961847
-1.3925217
-1.1663117
-1.0921199
-1.3068505
-0.72114437
-1.6058785
-1.1521501
-1.2859165
-1.1753621
-1.2099872
-0.92460565
-1.3973201
-1.0301648
-0.95312757
-0.91859012
-0.89608342
-1.0970175
-1.3602172
-1.2734003
-1.1054032
-1.2742932
-1.5439985
-1.0119596
-1.0900322
-0.87828775
-1.0637365
-1.0149059
-1.610563
-1.3727457
-1.1445205
-1.235394
-1.2903663
-1.2756454
-1.1577221
-0.90627918
-1.2444004
-1.0950324
-1.1841686
-0.89581874
-1.2748392
-1.2889152
-1.5040776
-1.0918192
-0.92195488
-1.1458044
-1.1402576
-0.98967549
-0.97083199
-1.0857861
-0.98211153
-1.2183087
-1.0197645
-0.83265534
-1.0467897
-1.2196821
-1.0907832
-1.4150961
-1.047799
-1.3145661
-1.3526235
-1.3385079
-1.2455743
-1.1007682
-1.0430692
-1.2583118
-1.0395016
-1.235393
-1.0814432
-1.082068
-1.4725666
-0.86287881
-1.4830834
-1.3020289
-1.0877215
-0.11900201
-1.1914281
-0.71750419
-1.0305688
-1.3403694
-1.2042852
-0.97121025
-1.0109322
-0.99103263
-1.4963461
-1.1200981
-1.5030747
-1.41137
-0.95714463
-0.22375022
-1.3347826
-0.66141884
-1.1565089
-1.6143885
-0.72018489
-1.2437067
-0.86047153
-1.3854882
-1.2874182
-1.0864605
-1.1375261
-1.3966308
-0.72269847
-1.2257201
-1.1544432
-0.93976087
-1.2947596
-0.97517478
-1.2239992
-1.1998694
-1.4415497
-1.3138806
-1.0302889
-1.453071
-1.1763084
-1.2637855
-1.5973008
-1.0652764
-1.2843688
-1.1122442
-1.4746383
-0.97618832
-1.2139933
-1.4015705
-1.5090139
-1.0771625
-1.2569314
-0.93650848
-1.7052299
-0.53127961
-1.3751202
-1.0417309
-1.0534581
-0.61878616
-1.2399311
-0.0045866523
-1.4020695
-1.1426099
-1.0669639
-1.3727478
-1.1228394
-1.2714426
-1.0813517
-1.0764642
-1.028207
-1.0831406
-1.4206146
-1.3672615
-1.3522588
-0.65611536
-1.2303743
-1.2750463
-1.1963653
-1.3297499
-0.74367209
-1.3878084
-1.1191306
-1.0692719
-0.86359769
-1.2437034
-1.3424556
-0.99062118
-1.2888997
-1.1225846
-1.2364366
-0.86841919
-1.1465006
-1.3447753
-1.2361741
-1.1142817
-1.1349975
-1.0575812
-1.2595744
-1.1203179
-0.88322218
-0.94816276
-1.4408101
-0.84884503
-1.1797904
-1.2736628
-1.570528
-1.1853739
-1.176004
-0.92504713
-0.85966182
-0.72329556
-1.2485195
-1.1484039
-1.2747085
-0.82678969
-1.2153797
-1.0004042
-1.2159811
-1.1499431
-0.24187849
-1.3830836
-1.1988087
-1.2705369
-1.1656409
-1.0547861
-1.1618691
-1.2552608
-0.99872881
-1.130955
-1.2067165
-1.4422758
-0.76174953
-1.261421
-1.331905
-1.1015066
-1.5503729
-1.1462105
-1.2113953
-0.8602012
-0.75796105
-1.2974242
-1.0239872
-1.2457949
-1.4124587
-1.4696483
-0.92766784
-0.96816026
-1.311329
-1.1943546
-1.2593005
-0.9259109
-1.4904715
-1.0910517
-1.3833182
-1.2391403
-1.3156899
-1.1512307
-1.3797781
-1.0325511
-0.86160767
-0.97435482
-1.3369843
-1.1066837
-1.107944
-1.1735648
-0.71234227
-0.99814964
-0.82566027
-1.2467706
-1.4276927
-1.509459
-0.86894251
-0.73962997
-1.2204067
-1.1839012
-1.0147711
-1.1920432
-1.1074555
-0.76336953
-1.1701282
-0.96044099
-0.74186364
-0.9044755
-1.136512
-0.85994386
-1.3552392
-1.0094435
-1.1353568
-1.1856188
-1.1956548
-1.1581344
-1.1066856
-1.2352841
-0.82438386
-1.3314481
-1.1982033
-1.1822323
-1.2118096
-1.2305313
-1.0145514
-1.1653022
-0.54214113
-1.0870914
-1.0406896
-1.4204298
-1.0005252
-0.88408608
-1.0234167
-0.70198472
-1.0866588
-1.4046069
-0.30790771
-1.3324487
-1.1962399
-1.1682824
-1.2830384
-1.2055464
-1.0425444
-0.94562228
-0.98979918
-0.49024298
-1.0696915
-1.2309369
-1.3262171
-1.2424052
-1.4614201
-1.4740779
-1.3272878
-1.3730587
-1.1519
-1.0824354
-1.0823509
-1.0356652
-0.86524565
-1.1235849
-0.92134599
-1.0849889
-1.3475014
-1.2432042
-1.3670273
-1.3483184
-1.1316761
-1.3867408
-0.70601391
-1.2803209
-1.2934397
-1.1035854
-0.74499691
-1.1000077
-1.1562161
-0.9710928
-1.1977175
0.25913882
-1.1314457
-1.1709798
-1.2758925
-1.3360769
-1.5338089
-1.1047706
-0.82833382
-1.2490045
-0.86016646
-1.5435162
-1.1930446
-1.1363338
-1.3958503
-1.1819278
-1.1323349
-0.16772784
-1.4012238
-0.99166027
-1.0402776
-0.68844075
-0.86332591
0.053448376
-1.2473811
-1.4507679
-1.5581615
-1.4896483
-1.3345825
-1.6943717
-0.87790519
-1.4598487
-1.054339
-1.433757
-1.5376633
-0.79996204
-1.0677695
-1.0252174
-1.0069519
-1.2406164
-1.194465
-0.90223972
-1.2276622
-1.0892082
-1.2727405
-1.0751452
-1.3649869
-1.0455397
-1.264016
-1.0009711
-1.2706809
-1.212291
-1.0221167
-1.1444255
-0.97909153
-1.1634192
-1.0896989
-0.95236951
-1.3010865
-1.1918813
-1.2450181
-1.2570503
-1.2387938
-1.3086693
-0.97433784
-1.3295461
-1.333467
-1.1809335
-0.21061684
-0.87570945
-1.4017915
-0.87384399
-1.0927982
-1.2106103
-1.0500066
-1.1476812
-1.2062872
-1.2220327
-0.88953831
-1.3470001
-1.224736
-1.2958275
-1.0326506
-1.2412204
-1.5277486
-1.1402075
-0.94284304
-1.4594456
-0.93002732
-1.3426486
-1.5198072
-1.2254431
-1.4529031
-1.4932756
-1.221652
-1.1503651
-1.1140364
-1.1024303
-1.1465658
-1.2663517
-1.2668992
-1.2879256
-1.5910646
-0.15166285
-0.83511486
-0.99914649
-1.408849
-1.3571098
-1.1667741
-1.2797361
-1.1270591
-0.97555794
-1.1631598
-1.1779978
-0.99613646
-1.4587812
-1.3141995
-1.3356201
-0.97185228
-1.252113
-1.0855594
-0.95854353
-1.1959974
-1.278577
-1.3368786
0.27212605
-1.4664431
-1.4739092
-1.1601467
-1.0995367
-0.94170703
-1.2169239
-1.1621563
-1.1247217
-0.92106752
-1.1159093
-0.78179514
-0.96265962
-1.0920386
-1.2113534
-1.2338206
-1.3313178
-1.1585352
-0.86513474
-1.6107609
-1.3053583
-1.1418177
-1.0859572
-1.0566108
-0.95684694
-1.4916931
-1.3369069
-1.0295646
-1.0659288
-1.0810004
-1.2574692
-1.1036158
-0.4717641
-1.2729376
-1.3488263
-1.2477916
-0.92718649
-1.2878833
-1.0356065
-1.3615027
-1.2813063
-1.197842
-1.0476906
-1.3856149
-1.2565831
-0.96042291
-1.2739434
-1.730713
-1.5660825
-1.2965028
-1.2637072
-1.1541911
-0.65400897
-1.6404763
-0.60310315
-1.1532946
-1.0830024
-0.89816845
-1.1638855
-1.175168
-0.91488286
-1.1563112
-1.1550445
-0.52467335
-1.219005
-1.1099806
-0.64599512
-1.489271
-1.5988613
-1.0882891
-0.70568602
-1.0894499
-0.7738337
-1.2578421
-1.3819677
-1.6992421
-1.3234747
-1.0671301
-1.2259615
-1.159571
-1.4162429
-1.0204346
-1.5204977
-1.2664208
-1.02329
-1.5597654
-1.3681378
-1.0633665
-0.93284604
-0.64786891
-1.1719309
-0.91310578
-0.98179379
-1.301128
-1.3786607
-1.2596469
-1.0609227
-1.0741058
-1.1891531
-1.3248987
-1.2108041
-1.417047
-0.82511869
-1.1620068
-1.1544973
-1.280956
-1.3665597
-1.2270762
-1.1531427
-1.089007
-1.0286281
-1.2328711
-1.2580407
-0.94356472
-1.2342805
-1.1333222
-0.72066675
-0.8231843
-0.83023304
-1.077213
-1.314597
-1.3537652
-1.2985605
-1.1082351
-1.2204746
-1.3437483
-1.074442
-1.1521854
-0.59813501
-1.2041526
-0.69909936
-1.302491
-1.4420301
-1.082791
-0.91047383
-0.96963637
-1.3155917
-1.2986137
-1.078266
-1.0574715
-1.1953971
-0.93761172
0.54647271
-1.2118372
-0.90872118
-1.0817309
-0.81412193
-0.83196858
-0.84672445
-1.0641274
-0.8763315
-1.2361695
-0.9270108
-1.3443465
-1.0086347
-1.2507049
-1.1910559
-1.1869418
-0.8680291
-1.1917123
-1.3732044
-0.9979283
-0.70339798
-0.9337912
-1.1256223
-0.87712603
-1.2773728
-1.0038066
-1.0794325
-1.1828722
-1.8999174
-1.1350825
-1.2420437
-1.0850247
-1.5102358
-1.1975576
-1.2928442
-1.2804067
-1.064102
-1.0780026
-0.77125871
-0.79589683
-1.2441115
-1.3137322
-1.2109139
-1.1681476
-0.026432576
-1.1077735
-1.1837149
-0.96786342
-1.2093726
-0.88273484
-1.3590351
-0.84991326
-1.0165907
-0.075038224
-1.2685901
-1.3525866
-1.2924729
-0.82172778
-1.0884065
-1.2780962
-1.0212928
-1.0217756
-1.0648405
-1.4966446
-1.2685898
-0.92222626
-1.3472804
-0.85695769
-1.2767763
-1.3635742
-1.145853
-1.4664182
-1.2527695
-1.2044795
-1.0273573
-1.1294378
-1.093329
-1.2723915
-1.3228837
-1.4780697
-1.0668432
-0.59212016
-1.2522048
-1.1571854
-1.188771
-1.2280536
-0.84108992
-1.2535149
-1.2040625
-1.0760597
-1.1701479
-1.5692535
-1.1073515
-1.1454944
-0.31926801
-1.025077
-0.90764713
-0.99424335
-1.2688109
-1.1579927
-1.3231238
-1.3595882
-1.1663394
-1.5103491
-1.2909814
-1.33201
-1.1533851
-1.2201706
-1.2848896
-1.2773905
-1.3415119
-1.2168422
-1.1331946
-1.0331365
-0.86394603
-1.1443639
-1.427648
-0.80862822
-1.2332784
-1.2306165
-1.2587477
-1.1104427
-1.278816
-1.1439009
-0.72340324
-1.1310884
-0.90053124
-1.2562681
-1.0801006
-1.4753562
-1.1588014
-0.91617633
-1.0810331
-1.1495133
-0.54705438
-1.0327829
-1.5916083
-0.90032563
-1.484039
-1.3175016
-0.95368261
-1.018252
-1.1115733
-1.3479999
-0.99914255
-0.82438961
-0.93321212
-1.5910933
-1.3869786
-1.3785165
-1.5303812
-1.5941937
-1.2170308
-1.1910751
-1.0478936
-1.4373859
-1.0109726
-0.89147546
-1.1041538
-1.1068541
-0.81761835
-0.84195378
-1.2050265
-0.94602733
-1.2329067
-1.0475953
-1.111643
-1.1157308
-1.2449192
-1.276803
-0.97398791
-1.3701623
-1.0564262
-0.77723023
-1.3879494
-1.3632239
-1.466706
-1.5201079
-1.3833311
-1.1816358
-1.2414979
-1.4842893
-1.0909819
-1.0170509
-1.2128879
-0.94885604
-1.1517835
-1.0675104
-1.2570335
-0.77396673
-1.0695338
-0.74668647
-0.82861808
-1.2143994
-1.1682159
-0.7696033
-1.1902536
-1.2120192
-1.0878784
-1.232066
-1.2354362
-0.8887637
