-0.92523089
-1.2926918
-1.0793255
-1.2312742
-1.1435244
-1.5074005
-1.377759
-1.2095277
-0.67923415
-1.1217612
-0.78625986
-0.85847252
-0.83149381
-1.1183567
-0.71335161
-1.4135658
-0.81964415
-1.1581138
-1.0454022
-1.0979912
-1.2345205
-1.3653104
-0.93708586
-1.2778372
-1.0668757
-1.1397416
-1.357891
-1.7056292
0.38098516
-0.66408072
-1.4506545
-1.1716907
-0.83361846
0.34250059
-1.3370598
-0.98831802
-0.55106623
-0.96007957
-0.61033272
-1.0336691
-1.147498
-0.96419585
-1.3364272
-1.0935965
-1.3571252
-0.68833836
-1.3499722
-1.1950957
-0.43918099
-0.69620186
-0.52905666
-1.3680154
-1.1330154
-1.1951317
-1.1096732
-0.72708359
-0.96680266
-1.2361558
-1.3122378
-1.1840333
-1.2591234
-1.4317354
-0.85870759
-0.94860945
-1.09016
-1.2936987
-1.211451
-0.88299389
-1.3403078
-0.84920419
-1.4828743
-1.0795091
-1.1101645
-1.1967714
-1.0069217
-1.3496438
-0.82606374
-0.64756027
-0.30639033
-1.0139318
-0.81675949
-0.49959436
0.78778977
-1.0719223
-1.3439365
-1.040752
-1.2701038
-0.85667015
-1.6861548
-1.1363093
-0.99442552
-1.452484
-0.94511431
-0.51723773
-0.76673477
-0.6197471
-0.83658938
-1.1616147
-1.2334915
-1.0192486
-1.3553656
-1.5636346
-1.4951066
-1.1076426
-1.3121298
-1.1851628
-0.53021586
0.18391488
-1.4344967
-0.83447767
-1.2586343
-0.69416331
-0.66806076
-1.1311874
-1.317623
-1.5333161
-1.0432164
-1.2756805
-1.3046071
-1.4486266
-1.2948203
0.21093096
-1.1299283
-1.704678
-0.82979882
-1.2490677
-0.86323552
-1.0905961
-1.279776
-1.1162875
-1.2231954
-1.0816075
-1.3949676
-1.0282852
-1.3064014
-1.3442999
-0.96912522
-1.5604191
-1.3027286
-1.5089305
-1.252686
-1.0618266
-1.3330811
-1.4869008
-1.0743723
-1.2497324
-1.0394088
-1.1191299
-1.1434044
-1.1651767
0.66460848
-0.8743874
-1.1435861
-0.98467913
-1.0263975
-1.1811353
-1.1927721
-1.0647806
-0.76441597
-1.0328596
-1.2379597
-1.0017885
-1.3964794
-0.88487146
-1.2267722
-0.94330832
-1.0404558
-0.84134678
-1.0472109
-1.2616931
-0.95433905
-0.63595
-1.3511514
-1.2464711
-1.0211852
-0.82117277
-0.9784314
-0.89531068
-1.0612653
-0.9560578
-0.95593445
-1.3668073
-0.94511028
-0.6611964
-0.48299233
-1.0423718
-1.0878386
-0.64740058
-0.88922994
-1.1175999
-1.2922068
-1.1079132
-1.4047273
-1.2173987
-0.83987652
-1.4358653
-1.0730314
-1.5384068
-1.3306369
-1.4211963
-1.6506697
-1.1271624
-0.95869996
-1.0385655
-1.6944546
-0.72126455
-1.2269627
-0.92041752
-1.1586059
-0.57307331
-1.38302
-1.2026364
-0.93280154
-0.90579219
-1.4163537
1.2858802
-0.93908219
-1.2182268
-1.6029571
-0.97382965
1.1596509
-0.55106447
-0.8079955
-0.97082375
-1.4848209
-1.0487501
-1.2118579
-1.1305484
-0.83019308
-0.89529176
-1.1113071
-1.2299762
-0.72854653
-0.6993377
-1.091016
-0.84583787
-1.0195895
-0.89549957
-1.2716755
-1.1475544
-1.1678454
-1.0836564
-1.0465108
-1.099315
-1.2389638
-1.1949334
-0.96867675
-1.4770465
-1.1041413
-0.69453444
-1.2972198
-1.1927801
-1.0354824
-0.31114653
-1.0124111
-1.0188499
-1.0782092
-1.8101981
-1.0223234
-1.2823974
-1.1575494
-1.3029174
-0.94654874
-1.8551247
0.75106891
-1.2516941
-0.8392129
-0.73505209
-0.82134483
-0.9580793
-1.2910524
-0.80454975
-1.3276192
-0.89064581
0.39126014
-0.93342206
-1.060148
-1.1087876
-1.2203859
-0.81557492
-0.87681956
-0.76515117
-0.64487886
-1.2149597
-1.3722332
-1.5140491
-1.0530734
-1.2402376
-0.82645444
-1.4359068
-0.80957699
-1.2213388
-1.2894802
-1.4032022
-1.4780119
-1.1443966
-0.91596059
-0.38241414
-0.75486774
-1.9680182
-0.88151649
-1.4961958
-1.1532388
-0.84443552
-1.3486672
-1.1373679
-1.5099227
-1.2581166
-1.3103446
-1.1835229
-1.3221065
-1.0103954
-1.1825531
-1.029259
-1.3700309
-0.95815786
-1.1848154
-1.1478176
-0.98167557
-1.2077281
-1.3272172
-1.7356446
-0.7899459
-0.90448887
-0.68809014
0.85637483
-0.80996488
-0.56627348
-1.0805169
-1.2929993
-0.98813583
-1.4016406
-0.78801133
-1.4492042
-1.1116036
-1.5248624
-1.2618864
-0.6719225
-1.326975
-1.2851058
-0.34808562
-0.88050828
-1.1499167
-1.1032086
-1.172928
-1.0439868
-1.1476849
-0.55432754
-1.1551838
-1.2226134
-1.0640485
-1.283687
-0.75632914
-1.4171504
-1.1527537
-1.5576529
-0.93071424
-0.87886294
-0.79415484
-0.98479572
-1.4668567
-1.4049641
-1.2142223
-0.66384584
-1.6854917
-1.3864055
-0.51793732
-1.0150777
-0.77033573
-0.95938094
-1.1259543
-0.86432377
-0.96244476
-1.1972578
-1.1894226
-1.0779677
-1.4531288
-1.013227
-0.84820958
-0.65470221
-0.96853705
-1.0855416
-1.018399
-1.5314297
-0.43357338
-1.0489402
-1.303615
-0.9307606
-1.2374206
-0.8798388
-0.82755777
-1.358529
-0.91661068
-1.1091559
-1.1779567
-1.3202172
-1.1581593
-1.6064792
-0.93761126
-1.0310494
-1.3070371
-1.2226333
-1.3005111
-1.0716519
-1.3510644
-1.0176697
-1.0552006
-1.3394701
-1.0212415
-0.9755974
-1.3504757
-1.1040035
-1.2656313
-1.2272953
-1.1110444
-0.90925261
-1.2255034
-1.6308111
-1.322842
-1.1629323
-0.75238404
-1.1223813
-1.415103
-1.1607906
-1.2828809
-0.46951739
-1.0813032
-1.1479505
-1.4227242
-0.97656567
-1.5216037
-1.2628688
-1.0905174
-1.0696976
-1.3908912
-1.2057609
-1.2066648
-1.3017686
-1.2785531
-1.2801372
-1.1142085
-1.265101
-1.126908
-0.83652388
-0.83149107
-1.345165
-1.4489541
-1.2487751
-0.77579458
-1.3614256
-0.61617988
-1.3359683
-0.90071648
-1.2566319
-1.2881386
-1.480258
-0.65894332
-0.71388489
-0.23018361
-0.98011021
-1.0157371
-1.0014721
-0.94425701
-1.4029093
-1.269074
-1.2873485
-0.9854598
-0.98115917
-1.4457526
-1.6223782
-1.0515042
-0.65739654
-0.83504672
-1.2008486
-1.0183523
-1.5335443
-0.78287105
-1.5710597
-0.23154109
-1.3427772
-0.84873958
-1.350073
-1.325314
-1.3639509
-1.1647335
-1.0146158
-0.59595336
-0.52079649
-1.0495461
-1.2259626
-1.3396689
-1.08522
-0.70858872
-0.62361051
-1.3618966
-1.1661882
-1.3083076
-1.1540786
-1.3719251
-0.99401324
-0.47207266
-0.98684382
-1.0356251
-1.3562709
-1.1803181
-1.3052217
-0.48927522
-1.0928539
-1.1957418
-1.1702445
-1.5667711
-0.8785504
-1.4249918
-0.95834489
2.5117021
-1.127607
-1.2440452
-0.90296279
-0.9646207
-1.0494004
-1.3079818
-1.0541325
-0.856833
-1.0928912
-1.1977975
-1.2334275
0.34997135
-1.7721013
-1.6879977
-0.79444177
-1.0294799
-0.31696379
-0.69237186
-1.214695
-1.0220819
-1.1219187
-0.70014818
-1.3649151
-0.90812724
-1.0964283
-1.0666084
-1.0061162
-1.2167889
-1.2459579
-1.0631453
-1.2728997
-1.0765879
-1.198816
-1.2644311
-0.37657653
-1.5828333
-0.98953057
-0.9523614
-1.6343768
-1.2932451
-1.3270234
-1.4273637
-1.113512
0.59814266
-0.88066539
-0.34543139
-1.1228439
-0.9661001
-1.2671676
-1.5375308
-1.246182
-1.2981985
-0.96568825
-1.1818335
-1.101274
-1.2070854
-1.2809331
-1.5156395
-1.2676515
-1.1527905
-1.2727531
-1.316872
-1.4049703
-1.2671213
-0.95926647
-1.0297181
-1.4715863
-0.93373953
-1.2433487
-0.7812554
1.5545948
-0.79564709
-1.1892966
-0.78676798
-1.249254
-1.3313825
-1.4657516
-0.59917152
-1.3416143
-0.94300101
-1.2233098
-1.4961295
-1.0907903
-1.3610173
-0.86741299
-1.262489
-1.4184662
-0.98093255
-0.70530857
-1.0379567
-0.82070477
-0.90197669
-1.4560711
-1.2223122
-1.1615202
-1.0725251
-0.95411339
-0.065886629
-1.2897737
-1.2927357
-1.303788
-1.2622724
-0.51778041
-1.316896
-0.90885563
-0.51679839
-1.0647505
-1.3186824
-0.34911232
-1.1317921
-0.80088306
-1.0430395
-0.8618186
-1.4627144
-0.77481155
-0.42232382
-1.1907291
-1.2636208
-1.3380559
-1.5023941
-0.84191971
-0.5698671
-1.1073262
-1.3179774
-1.1204165
-1.0777046
-1.1815186
-1.5026179
-1.2711554
-1.3292376
-1.5777463
-0.93894884
-1.3212453
-1.0213076
-0.85800103
0.19770153
-1.3238492
-0.86253458
-1.6318055
-0.892137
-0.99927609
-0.95866665
-1.1488156
-1.9351103
-1.0042057
-1.0213545
1.0343762
-0.59522976
-1.6149838
-1.1206902
-1.5741705
-0.89615575
-0.86411412
-1.2841266
-1.1949228
-0.48194024
-0.91434955
-1.1755399
-0.31054181
-1.0190449
-0.99349077
-1.2966945
-0.97412746
-0.88597233
-1.1376915
-0.98102634
-1.2798913
-1.4901451
-1.0423447
-0.30215091
0.4728679
-0.91096407
-0.05657367
-1.0855476
-0.90989299
-1.2166543
-0.9745741
-0.93532061
-1.2254773
-0.94684879
-0.82337303
-0.43159886
-1.5089316
-1.3225723
-0.89048537
-0.57807321
-1.1573005
-1.3775507
-0.89849505
-1.5196586
-1.5590536
-1.1396136
-1.0286125
-1.1722833
-1.1043161
-1.4505027
-1.0810888
-0.42025879
-0.85947472
-1.3374172
-1.0893195
-1.3223388
-0.61299648
-1.1090053
-1.1134992
-0.78236016
-1.0605215
-0.91470568
-1.3828236
-1.1112681
-1.1294198
-0.91594703
-1.3189071
-0.99117116
-1.363383
-1.2966002
-1.0437841
-0.89130155
-0.71392835
-1.3112047
-1.2922101
-0.11373982
-0.95696101
-1.1532303
-1.0457786
-0.74454339
-1.0205196
-1.0413804
-1.2338737
-0.58956311
-1.2455347
-1.380899
-1.0592683
-1.6305847
-0.98557586
-1.4823972
-0.56966746
-1.1528454
-1.7120174
-1.3492579
-1.1611933
-1.2062656
-1.4245397
-0.051138049
-1.4784567
-1.6476845
-1.240682
-0.77944486
-1.524376
-0.40997174
-1.61131
-0.49306696
-0.8627253
-0.84710402
-1.1365582
-0.83579047
-0.75222339
-0.70752188
-0.94696153
-1.1031947
-0.74305911
-1.2645478
-1.3144234
1.2256078
-1.2886184
-0.91396323
-1.7259696
-1.011854
-1.1956027
-0.73999227
-1.218298
-0.92041387
-1.20144
-0.84187832
-0.64598195
-1.376193
-0.49410736
-1.5857586
-1.0824079
-0.99957615
-1.3168587
-0.83245846
-1.3810416
-1.2794065
-1.4218153
-1.0622571
-1.1222943
-1.273146
-0.66881417
-1.0369204
-1.1387215
-0.84844882
-1.0630667
-1.0589657
-0.87016701
-1.3213264
-1.0449505
-1.3552186
-0.90267656
-1.0476676
-1.191634
-1.1455771
-1.1615297
-1.2001853
-0.97314684
-0.79735938
-0.79672947
-0.87456425
-1.4749268
-1.0556992
-1.2112452
-1.1066221
-1.060259
-1.1513879
-1.2321992
-1.0835883
-1.3363779
-1.2957667
-0.96740646
-1.082539
-0.63316028
-1.295226
-1.0397558
-1.270556
-1.0410789
-1.2077998
-0.84938023
-1.6214601
-1.6741997
-0.96583762
-0.91820145
-1.501247
-1.4376744
-1.096504
-0.94378312
-1.3877357
-1.0642738
-1.0438634
-1.2520991
-0.9706063
-1.092666
-1.2569157
-1.0162739
-1.2675593
0.68155031
0.70704894
-0.70165281
-1.3037798
-0.84846086
-1.1242298
-0.89325335
-1.4087184
-1.2346416
0.11104046
-1.1165813
-1.2342932
-0.88496538
-0.83788481
-1.2957928
-1.3592697
-0.9832206
-1.0344931
-0.97097846
-1.316254
-1.1523194
-1.1477783
-1.2213083
-1.0555056
0.62892827
-1.7658709
-1.4502523
-1.2156825
-0.85645038
-1.1449697
-1.0654172
-1.4795689
-1.570638
-1.717959
-0.45370385
-1.4116622
-1.3356962
-1.2351339
-1.2639048
-1.1696238
-0.46813455
-0.34935194
-1.1964037
-1.4465786
-1.1808034
-1.3712602
-1.0514703
-1.0378302
-0.12895619
-0.90982212
-1.2789694
-1.4543787
-0.57023989
-1.2957738
-1.0355935
-1.3208861
-0.86614626
-1.3295017
-1.1790076
-1.0392987
-1.2950751
-1.0263117
-1.2434551
-1.8524208
-0.68518073
-1.4294893
-1.0309608
-1.2890398
-0.89600645
-1.377389
-1.1463277
-1.1224928
-1.1178079
-1.0930279
-1.2293157
-0.89478375
-1.4057506
-0.90753441
0.74306728
-0.51545901
-1.5368408
-1.0893156
-1.1924403
-0.80859059
-1.1539491
-0.33246212
-1.1334574
-1.0774517
-1.7903969
-1.3852309
-1.2002183
-0.97584788
-1.2468743
-1.4735894
-1.2537199
-0.78195588
-1.4796612
-1.2014588
-1.6547133
-1.2516755
-0.89344494
-0.95778127
-1.0423083
-1.0094915
-1.2253925
-1.2830941
-1.2756307
-0.9821978
-1.2050683
-1.337163
-1.1340125
-1.1944264
-0.88290766
-1.1308109
-0.65329266
-1.2086235
-0.74576167
-0.94782236
-1.4797872
-0.69423045
-1.2262433
-0.64714011
-1.1835446
-1.120578
-0.96478042
-0.64913513
-1.1529319
-0.95491698
-1.0587154
-1.4731508
-1.226984
-0.69024187
-1.5737919
-1.3930228
-1.3296519
-1.4629247
-1.0759249
-1.2461354
-1.3990706
-0.83607174
-1.4069472
-0.92331487
-1.3662079
-1.2857667
-0.97267467
-0.81407583
-1.5072036
-1.154691
-1.0070509
-0.86511275
-1.3186251
-1.1361619
-1.3537804
-0.90894602
-0.82707035
-1.0953823
-1.4676801
-0.94786682
-0.76983718
-0.97268973
-1.1666773
-1.2213706
-1.232665
-1.2619425
-1.5680541
-1.3767562
-0.61946928
-1.5364907
-1.0471335
-1.2580715
-1.1443287
-0.92853417
-1.3769667
-1.01495
-1.0855931
-0.9197933
-0.87351547
-1.6944194
-0.21216522
-0.77764778
-1.1310557
-1.1237645
-1.3294569
-0.99074527
-0.59879657
-1.1806008
0.1278949
-1.5191366
1.3196637
-0.77280975
-1.1499927
-1.0934227
-0.97422763
-1.1917171
-1.4404346
-0.99766527
-1.3574277
-1.1301241
-1.4531003
-0.6969503
-1.143721
-0.48486542
-0.68313753
-1.1470809
-1.0890708
-1.5120321
-1.1634454
-1.3081289
-0.34237987
-0.24400077
-1.4673325
-1.4811455
-0.76206711
-1.2495013
-1.2965725
-1.3375369
-1.2259999
-0.91873474
-1.073704
-1.216509
-1.3055177
-1.0199241
-0.89523362
-1.0850805
-1.2091393
-1.2316496
-1.3603467
-0.66762886
-0.93987674
-0.79087856
-1.3627097
-0.65691121
-1.2671837
-1.1443745
-0.94936624
-0.83917116
-1.0355342
-0.92180267
-0.74647525
-0.73258704
-0.89345921
-1.3169138
-0.87181493
-1.609549
-0.044796132
-1.1703838
-1.0563722
-0.98629586
-1.3251353
-1.1763162
-0.97021065
-1.4944048
-1.0696679
-1.5109544
-1.6503377
-1.1603624
-0.66388652
-1.2789547
-0.83939494
1.0170587
-0.79947364
-1.1776365
-1.39695
-1.4259046
-1.3108242
-1.3855821
-1.0280159
-1.0333481
-1.2406244
-1.1862423
-1.0700147
-0.89083772
0.90067967
-1.3591675
-1.1217557
-0.61814817
-1.6550651
-1.4162784
-1.0795554
-1.4059574
-1.1347937
-0.62368123
-0.41602932
-0.96500476
-0.7291529
-1.1942301
-0.78491447
-1.1220124
-1.1679711
-0.96600312
-0.98676903
-1.1063144
-0.67798037
-0.42322085
-1.0506449
-1.201005
-1.3973884
-1.4676768
-0.91692148
-0.7418106
-1.1398793
-1.2876271
-0.75224724
-1.1711345
-1.4651559
-1.2013238
-0.80241565
-1.4613582
-0.96843855
-1.046488
-1.10228
-1.0151896
-1.0894395
-1.0933489
-1.5861179
0.81762527
-1.1187106
-1.071387
-0.82661866
-0.9739107
-1.6433602
-0.56057587
-1.7060177
-0.93288087
-1.2357739
-0.93855794
-0.83613179
-1.2733745
-1.1609439
-1.1628299
-1.3166785
-0.96886697
-1.6258628
-1.4324506
-0.85013346
0.12100897
-1.4059407
-0.65544269
-1.3258582
-0.6125463
1.3502003
-1.3608295
-1.3003621
-0.099323659
-0.91570691
-1.5646829
-0.57344522
-1.2673537
-1.027272
-1.1514129
-1.3274708
-1.183082
-1.0824832
-1.0092482
-1.4150639
-1.0374648
-1.4265602
-0.50131336
-1.1080727
-1.1212622
-1.0018409
0.74567541
-1.2352298
-1.0555878
-1.1061716
-0.66443524
-1.1574661
-1.2221715
-1.4420499
-1.2221767
-1.2405796
-1.1817164
-1.2766603
-0.96192015
-1.6023259
-1.1846559
-0.57440969
-1.0636355
-0.308912
-0.32237713
-1.2432723
-0.35061141
-0.60934539
-0.51290655
-1.0074643
-1.1411233
-1.2852676
-0.92291285
-1.1031355
-1.2442758
-0.87446326
-1.4210615
-1.2027065
-0.97275178
-1.3305132
-1.0046724
-0.9923374
-1.1222214
-1.4648977
-1.3531374
-1.2025817
-0.9253563
-0.12255322
-1.4693739
-0.3489195
-1.289112
-1.1453046
-1.0597313
-1.028764
-1.5088461
-0.98888965
-1.2258772
-1.1134478
-0.59705602
-1.0697246
-1.0111719
-1.3448236
-1.0120457
-1.0476821
-1.2399514
-1.199681
-1.144718
-0.58265869
-0.74965989
-1.2977415
-1.3887785
-0.75770737
-1.3512028
-1.20474
-1.4787584
-0.87457659
-1.0160213
-1.3511397
-0.59217168
-1.1844453
-1.1752764
-0.56662601
-1.0114328
-0.84062671
-1.2226151
-0.98194464
-1.0880144
-1.221684
-1.2402958
-0.94010687
-1.2189179
-1.3520181
-1.3912957
-1.3629642
-1.2195886
-1.2316435
-0.91475579
-0.82453379
-1.6018131
-0.65440895
-1.0408872
-1.5831746
-1.1635826
-1.1481978
-1.3175639
-1.1380918
-1.0404629
-1.1618929
-1.2448999
-1.3879208
-1.1880118
-1.2618154
-1.1286438
-0.99419787
-1.0468777
-1.3357111
-1.5061843
-0.71040534
-1.0622677
-1.3757067
-1.4630059
-1.0103046
-0.48619014
-1.119272
-0.93733449
-1.0991307
-0.47782171
-0.98779605
-1.5485858
-1.1858182
-0.85110141
-0.99433873
-1.6258595
-0.76280449
-1.0221341
-1.1906924
-0.8825423
-0.95869418
-0.9323847
-0.92163463
-0.44808171
-1.0523162
-0.8890133
-1.3889796
-0.13647016
-0.78639884
-1.2541513
-1.4738299
-1.1397671
-1.1627983
-1.0396269
-1.0563136
-1.7219233
-0.83947041
-1.3961913
-1.1013849
-0.67870831
-1.104688
-0.4572818
-1.135029
-0.69939325
-0.81360214
-1.1037158
-1.3184097
-1.3425133
-1.5040709
-1.6609527
-0.94537931
-1.0754743
-0.79625383
-1.2020884
-0.71360045
-1.2634196
-1.1859516
-0.6601122
-1.2719678
-0.92325661
-1.2960251
-1.4483245
-1.2271886
-0.87093036
-0.58819442
-0.48895995
-0.7621345
-1.2349629
-0.78756305
-1.0475308
-1.1556508
-1.1294026
-0.98871069
-1.353351
-1.2321144
-0.13088404
-1.23993
-1.0184546
-0.95919223
-0.70642553
-1.38976
-1.0083482
-0.70164726
-1.3459903
-0.55782014
-0.91931218
-1.2005572
-1.0792277
0.099699942
-1.6300996
-1.4172698
-0.81721668
-1.372784
-1.0658668
-0.33443869
-1.4152668
-1.6129018
-1.3772726
-0.62655472
-1.0743962
-0.33327103
