-0.92018244
-1.1509565
-1.4538252
-0.5208128
-0.97769211
-0.18388673
-1.3287305
-0.96435664
-1.1242459
-0.93502892
-1.1580397
-1.4169504
-1.0250149
-0.96049877
-1.247405
-0.97023417
-0.99635406
-0.81094861
-1.2420666
-1.0982566
-1.4017498
-0.38298386
-1.035124
-0.85644764
-0.99099629
-1.3405056
0.15509482
-1.2166916
-1.1634564
-1.2364851
-1.3151993
-1.202114
-1.0863647
-1.1946888
-1.1258199
-1.1062635
-1.1704048
-1.0315282
-1.4488579
-1.459839
1.5248375
-1.2151286
-0.95991888
-1.3207923
-0.92421876
-1.0193659
-1.2204812
-1.0857569
-1.1346022
-1.1880267
-1.2099369
-1.4964792
-1.182865
-1.2758316
-1.1749025
-1.0488016
-1.2301109
-1.3542233
-1.3401985
-1.0753043
-1.1807309
0.31587776
-0.9006878
-0.53896329
-1.1900257
-1.9204473
-0.78675039
-0.86184991
-1.3792473
-1.3335586
-1.1357302
-1.1869105
-1.3554507
-0.81349002
-1.2587644
-1.2102282
-1.4047758
-1.0545834
-1.1270603
-1.0128999
-1.6721295
0.019748668
-1.2022231
-1.3039879
-1.1661652
-1.0745234
-1.3870123
-1.1096227
-1.3182971
-0.65764246
-0.82434349
-1.2311931
-1.1595254
-1.4030271
-1.0755233
-1.3720892
-1.1297801
-1.2867976
-1.3540635
-1.4016829
-0.89842402
-1.0255622
-1.5090693
-1.3332504
0.10598509
-1.2922836
-0.60724353
-1.1598947
-1.6178292
-0.19082287
-1.4438452
-1.1496409
-1.3129326
-1.37698
-1.3658579
-1.4728417
-1.1603416
-1.2252677
-0.7804804
-1.2800276
-1.2632187
-1.2322182
-1.3343649
-1.3579911
-0.81297517
0.12446065
-1.5198216
-0.95255576
-1.2776937
-1.2493173
-1.1433916
-1.0994855
-1.1164488
-0.91784761
-1.5160928
-1.461156
-1.3130101
-1.2997156
0.84120068
-1.3174005
-0.71944211
-0.94997948
-0.95514626
-1.5528531
-0.82369801
-1.0242501
-1.2848196
-0.94248518
-1.1163093
-1.135311
-1.4484053
-1.26544
-1.3654693
-1.2414509
-1.1075312
-1.2357254
-1.3771468
-1.1826127
-1.1064096
-1.0976292
-1.3842027
-0.9070439
-1.4548307
-1.2232802
-1.170983
-1.14611
-0.83731404
-1.2759886
-1.005655
-1.3882699
-1.1286107
-0.97983883
-1.2197696
-1.1668451
-1.2817633
-0.89842226
-1.3293203
-1.2029525
-1.5087922
0.21741697
-1.4113613
-1.2556951
-1.2536625
-1.2421559
-1.2068975
-1.3826955
-1.2436537
-1.1207207
-1.1467959
-0.96159796
-0.90066783
-0.82089817
-1.1171896
-0.79587063
-1.0515781
-1.4359774
-1.1291845
-1.3672676
-1.0982438
-0.6845926
-0.68447956
-0.8903447
-1.3924155
-1.0878811
-1.3213016
-1.1308419
-0.69881146
-1.1984865
-1.1951505
-1.1327614
-1.0598624
-1.1497814
-0.96393301
-1.7047196
-1.0316491
-1.2655163
-1.4107322
-1.3267161
-1.3421464
-1.2689021
-1.099461
-1.3505536
-1.2142848
-1.0539504
-0.84880149
-1.2795216
-1.3476377
-0.96680468
-0.87623278
-1.0679278
-1.1692925
-1.3789546
-1.1996159
-1.2556187
-0.92801627
-1.1401182
-1.1613095
-1.1256189
-1.34109
-1.1047146
-1.3113905
-1.0800079
-1.1816385
-1.1006768
-1.1123915
-0.99157326
-1.1927595
-1.2852366
-1.3156095
-0.99986723
-1.1262534
-1.5309415
-1.1726859
-1.0896212
-1.3314895
-1.3187258
-1.1532144
-0.90195822
-1.1589821
-0.60968899
-1.1087311
-1.0483051
-1.1239565
-0.80711936
-1.3069719
-1.3289413
-1.0350956
-1.0203227
-1.2623067
-1.332704
-0.92628369
-0.88034424
-1.1261486
-1.06335
-1.3154716
-0.90290173
-1.2471525
-1.1906599
-1.0277453
-1.1671998
-1.0889898
-0.86361253
-1.0430002
-1.147214
-1.6377741
-1.302437
-1.1023979
-1.2801422
-1.2733134
-1.2294904
-1.2557389
-1.0581585
-1.0807811
-1.5453995
-0.83468566
-1.0400901
-1.3627906
-1.3998624
-1.0442306
-1.1114944
-1.0669585
-1.1555006
-0.47347694
-0.79081037
-1.2476422
-1.5386721
-1.6453251
-1.2427531
-0.27315029
-0.98289729
-1.1418817
-1.177369
-1.3439415
-1.2747372
-1.4033537
-0.98230526
-0.28144779
-1.3271338
-1.3071422
-1.4488617
-1.0504304
-1.0163147
-1.203983
-0.60689599
0.14796698
-1.4560899
-1.1570765
-1.0756489
-1.366021
-1.2850486
-0.82849876
-1.5128923
-1.2218855
-1.1827454
-1.0822099
-1.2858997
-1.1188315
-1.282787
-1.1679232
-1.2120572
-1.0492422
-1.1598729
-1.4288286
-1.123174
-1.2727122
-1.431534
-0.89528721
-1.0896486
-1.2259313
-1.3662131
-1.5404943
-1.4224059
-1.0551194
-1.6300206
-1.1390851
-0.95775417
-1.0575103
-0.74508045
-1.2291646
-1.0256794
-1.6590535
-0.65186451
-1.1824418
-1.1629661
-1.3866486
-1.1777703
-1.2018141
-1.3282949
-1.2013336
-1.546861
-1.3800289
-1.4260247
-1.094742
-1.0848342
-1.2485488
-1.0043608
-0.86363373
-1.2375602
-1.0820573
-1.0294071
0.72565714
-0.85981066
-1.2452084
-1.2447654
-0.98412368
-0.99107591
-1.1255648
-1.4091673
-1.2813277
-1.0928951
-1.2571111
-1.1087046
-1.1870066
-1.223688
-1.2243152
-1.6538183
-1.2603499
-1.7294372
-0.94808383
-1.16486
-1.3801951
-1.2022972
-1.2686353
-1.1214851
-1.0570246
-0.88778747
-1.0556358
-1.2064297
-0.158412
-1.1708889
-1.349749
-0.74961135
-1.2963608
-1.0121763
-1.2038309
-1.1225515
-1.1429492
-1.481388
-1.403684
-1.3248429
-1.4234287
-1.3373469
-0.13812336
-1.3138905
-1.3328572
-1.3635908
-1.2012864
-1.3155951
-1.1946244
-1.2375052
-0.99967802
-1.3617446
-1.0364709
-1.2362159
-1.3642926
-0.81993547
-0.47427789
-1.1932168
-0.98704573
-1.2519615
-1.1592932
0.30797083
-0.94031516
-1.3901432
-1.0912935
-0.87202032
-0.66683639
-1.2051653
-1.1259173
-0.97594057
-1.2722768
-0.91448514
-1.1861828
-1.3322
-0.97843395
-0.95023338
-0.82064908
-1.2080022
-1.3252345
-0.98292482
-1.0425862
-0.82461246
-0.8316998
-1.0509758
-1.2387579
-1.2956935
-0.66938569
-1.0560962
-1.0734189
-1.2058893
-1.0186166
-1.2640298
-1.4994922
-1.2659671
-1.165367
-0.88936077
-1.0999963
-1.1165144
-0.66839953
-1.3604065
-1.1557555
-1.3533016
-0.55848386
-1.0637256
-1.2194802
-1.1762538
-1.0336313
-1.2652583
-1.1570015
-1.2284085
-1.28772
-1.3335635
-1.2651299
-1.0560773
-0.95288292
-1.0803231
0.95782794
-1.2831038
-1.3550847
-1.2563993
-1.4615864
-1.2560113
-1.1097109
0.31924532
-1.0217755
-0.89965478
-1.4587896
-1.1560708
-1.4693571
-1.5275919
-1.2173268
-1.152972
-1.4694288
-0.28859447
-1.2780403
-1.2546793
-1.3904301
-1.3209601
-1.5030159
-1.0509955
-1.4162971
-0.92769511
-0.023997679
-1.261507
-1.0577199
-1.2016728
-1.2680356
-1.5585717
-1.3461243
-1.2013406
-1.1578552
-1.0799045
-1.3261532
-1.3478993
-0.96288738
-0.61226384
-1.3110394
-1.0323238
-1.002114
-1.4414946
-1.3162525
-1.2407288
-1.1706327
-1.2502395
-1.2981545
-0.97111595
-1.6239735
-1.28732
-0.12469751
-1.1434764
0.040560728
-0.77330102
-1.328464
-1.0040802
-0.82839616
-1.2775172
-1.2219301
-0.54462351
-1.2660553
-1.2931128
-1.4449852
0.018963441
-1.0222537
-0.99709919
-0.89202682
-1.2383779
-1.0709209
-1.3450254
-1.298387
-1.0666169
-1.0689048
-1.2763169
-1.3395267
-1.2169319
-1.4357462
-1.0810082
-0.94787628
-0.76616453
-1.0629449
-1.1167652
-1.2017579
-1.5334194
-1.1654129
-1.2430964
-1.3551262
-1.2516776
-1.2440286
-1.2541181
-1.1712759
-1.2427606
-1.0747845
-0.88211257
-0.91282441
-1.3669725
-1.3650447
-1.0800039
-1.4992432
-1.0605333
-0.85677445
-1.3734142
-1.4323833
-1.1586702
-0.94917323
-1.0976536
-1.1592965
-1.2870835
-1.2541179
-1.1428168
-0.94613633
0.67575792
-1.4609893
-1.2799237
-1.1267613
-1.4169467
-1.4293465
-1.2409844
-1.2641681
-1.2642972
-0.98822196
-1.3638977
-1.2062787
-1.498344
-1.3975025
-1.2806809
-1.4599662
-1.4002946
-1.1957859
-1.4071248
-1.6744416
-1.1011548
-1.0380834
-1.2681362
-1.2764369
-1.4752606
0.77807666
-1.1052438
-0.9537607
-1.3614126
-0.86342074
-1.0270325
-1.1576127
-1.4302118
-1.1961211
-1.0074119
-1.0694922
-0.63861703
-1.2435895
-1.0944635
-1.2202052
-1.4009436
-1.1083255
-1.2500316
-1.2927651
-1.5019724
-1.3858933
-1.1840899
-1.2493768
-1.2283786
-1.047439
-0.58042627
-0.84511876
-1.3790491
-1.1607019
-1.7105421
-0.9865875
-1.0444051
-1.2098029
-1.1280836
-0.96036284
-1.2260377
-1.1758127
-1.1470132
-1.1420841
-1.2496535
-1.2426005
-0.67133333
-1.4252663
-1.4902704
-1.0589172
-1.4523681
-1.189729
-1.0854125
-1.3186814
-1.1201355
-1.1940465
-1.1892432
-1.0604966
-1.2594829
-1.1917016
-1.1046859
-1.3072404
-1.2453453
-1.2135786
-0.86853375
-0.51553522
-1.1215693
-0.65107917
-1.0647223
-1.1765839
-1.0798797
-0.9867977
-1.3231404
-1.3268927
-1.3010873
-0.7117983
-1.1981207
-1.1853786
-0.9887695
-1.3746885
0.28286572
-1.4147217
0.48919049
-1.5231311
-0.97132179
-1.1067365
-1.4937602
-1.4678291
-0.98722941
-1.268583
-1.1080285
-1.437113
-1.1602016
-1.1747598
-1.5069513
-1.1484587
-1.1153905
-1.2537155
-1.0533488
-0.77049413
-1.4397778
-1.0226801
-0.42046589
-0.9516091
-1.2296733
-0.9275637
-0.96609625
-0.96046544
-1.2088616
-1.1011726
-1.2815884
-1.3315369
-1.5907425
-1.0020557
-1.1768352
-1.3164091
-1.4533098
-0.72152534
-1.0063754
-0.85900539
-0.44113809
-1.1862047
-1.2513469
-0.92454271
-0.67659947
-1.2396252
-1.453421
-1.1644901
-1.5919905
-1.3114527
0.28083283
-1.2192732
-1.0103191
-0.95021645
-1.1208135
-1.2238932
-0.03065911
-1.0839973
-0.99617315
-1.1415233
-1.0156726
-1.3282369
-1.3603623
-1.1399738
-0.92416656
-1.0600462
-1.3009548
-1.1773944
-0.95336739
-1.2082192
-1.0240005
-1.2439348
-1.4121774
-1.2588781
-0.93730944
-1.2248706
-1.5372379
-1.1306023
-1.2362238
-1.1804127
-0.9957862
-1.3543968
-1.0941975
-1.6897068
-0.79384416
-1.2507176
-1.2704363
-1.005824
-1.3546061
-1.1865805
-1.1307087
-1.5266223
-0.79067247
-1.3255438
-1.2368092
-1.2965617
-1.212464
-1.2962519
-0.96295585
-1.0288407
-0.69087628
-1.2952659
-1.3150129
-1.2882646
-1.3057362
-1.0637582
-0.56163049
-1.3941112
-0.91320698
-0.052283528
-1.0663321
-1.3012309
-1.3082058
-1.2517146
-1.4713186
-1.0093554
-1.4513057
-1.0731886
-1.3912001
-0.93665325
-1.2647474
-0.93427891
-0.93106757
-0.95961253
-1.13399
-1.0419577
-1.3846891
-1.5854379
0.017936547
-0.28108395
-1.0987794
-1.2134062
-1.443787
-1.060808
-1.2321968
-1.4680826
-0.99672619
-1.1672697
-1.4148093
-1.100483
-1.2524751
-0.9811316
-1.4171818
-1.1904606
-0.98377537
-1.3166247
-1.2114651
0.98655165
-1.138307
-0.10271082
-1.2158267
-1.3640158
-0.56658174
-1.1638227
-0.61145171
-1.1457208
-1.2233416
-1.4199731
-1.1409166
-1.0422179
-1.325781
-0.9573506
-1.106476
-1.2878419
-0.025888076
-1.2349786
-1.018658
-0.78532842
-1.2518937
-1.2827779
-0.8830938
-0.911406
-1.2450704
-1.201923
-1.2600215
-1.490606
-1.299462
-1.2414473
-1.0534664
-1.3016453
-0.55867212
-1.3922156
-1.668942
-1.4060811
-1.153224
-0.92831378
-1.2243763
-1.15437
-0.97095647
-1.1994463
-0.90436098
-1.2227463
-1.0637309
-1.2048569
-1.7495539
-0.94272597
-1.184948
-1.2052626
-1.1358875
-0.94724892
-1.0359341
-1.0603791
-1.2800876
-1.404379
-1.1054546
0.067169375
-1.1265001
-0.82158575
-1.1117592
-1.002042
-1.1778349
-1.1089674
-1.0802924
-0.67197304
-1.2862337
0.54330007
-1.199685
-1.0482834
-0.94694607
-1.1696015
-1.5915267
-1.1907144
-1.1799942
-1.337394
-1.254531
-1.0715234
-1.0400461
-1.3910782
-1.1929693
-1.0261207
-1.3995581
-1.3504394
-1.2363521
-1.1509542
-1.1002059
-1.1925155
-1.0378675
-1.3176871
-1.0991733
-1.3349917
-1.3669187
-1.3314417
-1.2911648
-1.3006961
-1.1541807
-1.0033863
-1.0429612
-1.3952565
-1.2533653
-1.0711537
-1.1880984
-0.22231917
-1.2465794
-1.1587914
-1.4668885
-1.333418
-1.2112518
-1.4524374
-0.94100148
-1.037547
-1.2161394
-1.3031194
-1.1634427
-1.3284913
-1.1579304
-1.097431
-1.199332
-0.21046867
-0.50470798
-1.4841906
-1.7458404
-1.051446
-0.99375452
-1.1936322
-0.93671232
-1.0472148
-1.0437662
-1.021592
-1.3471579
-1.137206
-1.187466
-1.2159173
-0.66738966
-1.2495818
-1.4122243
-1.439193
-1.0001723
-0.77846519
0.1714469
-1.0968694
-1.0911193
-1.4438271
-1.147095
-0.97580262
-1.0901466
-1.2072421
-1.1945238
-1.5508198
-1.3624012
-1.35707
-1.1360735
-1.253121
-1.3091075
-1.2815708
-1.2207536
-1.0158878
-1.3790993
-1.1336077
-0.76587091
-1.1209373
-0.93843363
-1.0570037
-1.1653068
-1.5245723
-1.3298191
-1.3512754
-0.7949847
-1.2516964
-1.1323158
-1.0024826
-1.4110475
-1.2549159
-1.4028864
-0.9282257
-1.1213175
-0.91897418
-1.2467574
-1.1964078
-1.2149444
-1.1184281
-1.1802117
-1.3942933
-1.3910429
-1.3248352
-1.2805801
-1.4302026
-1.2073936
-1.398336
-1.3317085
-0.99067949
-1.117527
-1.2059301
-1.1538182
-1.3341772
-1.1232524
-1.1188147
-0.16803398
-1.2331356
-1.1974929
-1.0638701
-1.0124049
-1.1690753
-1.0000906
-1.2725305
-0.64567022
-1.2730533
-1.0216267
-1.2682933
-1.1157499
-0.99900637
1.1681751
-1.3099111
-1.1255579
-1.2626878
-0.87144623
-1.395515
-1.0804792
-1.1942508
-1.2757428
-1.0896864
-1.1774713
-1.276191
-0.97115596
-1.1121936
-1.0856977
-1.1041157
-1.1671549
-1.1544311
-0.1712475
-1.437943
1.4929686
-0.8663107
-1.2256983
-1.1492963
-1.2584973
-0.53467984
-0.97451389
-1.2987253
-1.3742751
-1.2506768
-1.0693613
-1.3240862
-1.2398194
-1.1183005
-1.0636283
-1.524124
-0.71881404
-1.461174
-1.7509788
-1.3328885
-1.0325768
-0.1356477
-1.0510124
-1.1764007
-0.018011431
-0.98190503
-0.93521285
-1.2339064
-1.1818991
-1.2637422
-1.2128504
-1.2352826
-1.5398669
-0.74524082
-1.2348916
-1.2055311
-0.98819186
-1.1506824
-0.86093177
-1.2807143
-1.1242902
-1.1574276
-1.0994479
0.10619145
-1.1170562
-0.7182706
-0.99992327
-1.315346
-1.0435848
-1.2084604
-1.144625
-1.1025894
-0.93936485
-1.4111256
-1.1990002
-1.0557936
-1.0156808
-1.3015386
-1.2612611
-0.85432751
-1.2365039
-1.1692829
-1.0794792
-1.1934157
-1.1605791
-0.92901548
-0.96467754
0.62086681
-1.2737193
-1.11296
-1.4779791
-1.3991817
-1.0050211
-1.6352113
-0.41979687
-0.97565675
-1.5072362
-0.90477579
-0.85938475
-1.1330261
-1.0586967
-0.89778375
-1.4420824
-1.1699458
-1.2073264
-1.4942735
-1.1552076
-1.2258918
-1.2449189
-1.1604904
-1.1565023
-1.1665905
-1.3970371
-1.1722588
-1.178078
-1.4672152
-1.3471532
-1.1679337
-1.0121943
-1.117352
-1.0943579
-1.4564604
-0.86076175
-1.2364725
-1.4066109
-1.0035082
-1.0968092
-1.0978321
-1.5616001
-1.1788569
-1.4079696
-1.0912554
-1.2295235
-1.2666029
-1.1501982
-0.94984967
-1.199107
-1.1424349
-1.4140127
-1.4487446
-1.196511
-1.1276968
-1.1344803
-0.99687162
-1.2696204
-1.2128681
-1.4081746
-1.2866223
-0.95899461
-0.87013924
-1.2401774
-1.2908519
-1.4747344
-1.1893687
-0.58014101
-1.2574188
-0.24065561
-1.1977705
-0.51386839
-1.1514433
-1.3124642
-1.5446151
-1.1452886
-1.0205979
-1.4660462
-1.3185071
-1.3694695
-1.0368655
-1.0952486
-0.98783775
-1.0328325
-0.79223371
-1.1630142
-1.2138395
-0.79784617
-1.0167756
-1.3971067
-1.094459
-1.3995162
-0.93017531
-1.1699798
-1.1044552
-1.5294855
-1.4662351
-1.1888651
-0.8898522
-1.5589598
-1.1191246
-1.2305908
1.1269194
-1.2541971
-1.3389971
-1.2024739
-0.12558244
-1.16971
-1.1488373
-1.4033778
-1.4101086
-1.5671348
-1.0170972
-1.1810472
-1.2942814
-1.1944563
-1.0525557
-1.3270586
-1.3276657
-1.5596301
-1.0974042
-0.78860396
-1.1645314
-0.79434916
-1.1536387
-1.1179853
-1.0461463
-1.2574195
-1.173071
-0.20550129
-1.0896483
-1.2151537
-1.1746867
-1.442339
-1.2406788
-1.1608475
-1.2193175
-0.99243976
-0.82819089
-1.0585232
-0.35869066
-1.0967116
-1.2452756
-1.1085022
-0.73467598
-0.91992144
-1.1318251
-1.1754492
-1.2819554
-1.0484789
-1.3312899
-1.6955254
-1.2337173
-1.5214603
-1.1512285
-0.88741819
-1.0643879
-1.0621058
-1.0566504
-1.2800419
-1.3659189
1.1197834
-1.2088381
-0.66237973
-0.88837757
-1.1561358
-0.82289597
-1.3395764
-1.135107
-1.265306
-0.99291095
-1.0049552
-1.3857354
-1.2220045
-0.33366913
-1.3010348
-1.5292727
-1.1951677
-1.0848939
-0.95625162
-0.95227037
-0.81012361
-1.1316247
-1.1193685
-1.2242724
-1.0995032
-1.1905193
-0.88851394
-1.1320971
-0.4703158
-1.097878
-1.1422153
-1.3181649
-1.2017026
-1.3131178
-1.5348783
-0.94107649
-1.2388342
-1.0091583
-1.1539321
-1.2993661
-1.1670412
-1.1322174
-1.2015001
-1.3453352
-1.1597264
-1.3536655
-1.2200816
-1.1987329
-1.1537274
0.67709272
-1.4591938
-1.2055971
-1.1568448
-0.99624177
-1.2921301
-1.2131052
-1.3439739
-1.1093688
-1.0635159
-1.3881367
-0.3716435
-0.78625465
-1.1348258
-0.10641403
-1.445405
-1.0629874
-1.1181943
-1.072912
0.18205795
-1.2122681
-1.2408203
-1.234571
-0.59763728
-1.4041611
0.36421564
-1.0907911
-1.2486039
-0.91616177
-0.63316638
-1.2256657
-1.297007
-1.1901882
-1.2245869
-0.81388314
-1.1186268
-0.99672228
-0.87452734
-0.96213216
-1.237089
-0.92257415
-1.0193561
-0.21872236
-1.4169703
-1.2902339
-1.5228147
-0.86971172
-1.2403615
-1.1370635
-1.1875041
-1.3739057
-0.087046617
-1.1296646
-1.0719561
-1.2389368
-1.4255894
-1.1466246
-1.3342267
-0.61579189
-0.91363443
-0.83767112
-1.5216939
-1.0740658
-0.72269771
-1.348368
-1.1991494
