-1.0948749
-1.1819903
-1.3681092
-1.3385974
-1.0921478
-1.5266851
-1.4477998
-1.1839965
-1.2136113
-1.2948585
-1.1864066
0.31151443
-1.2247587
-0.41441206
-1.3410185
-1.1955398
-0.90370479
-1.3576818
-1.3076829
-1.2908818
-0.9013412
-1.430743
-1.2368833
-0.88530754
-1.2771234
-1.2103166
-1.100105
-1.2540903
-1.0337554
-0.96449036
-1.2144135
-1.1831618
-1.2116577
-1.1112184
-0.86283224
-1.1707733
-0.87976089
-1.2187036
-1.1088203
-1.260524
-1.0847539
-1.2777372
-1.4749061
-0.4538343
-0.97826008
-1.1593742
-1.312792
-0.66289275
-1.2948861
-0.82161851
-0.97679963
-1.0280778
-1.1152878
-0.99434553
-1.2132863
-1.1225909
-1.2980382
-1.273779
-0.99743139
-0.90961873
-0.89735175
-1.292103
-1.4035127
-1.031061
0.21630097
-1.106445
-0.98710627
-1.150126
-1.0308462
-1.2309776
-1.3394316
-1.2447222
-1.1921584
-0.81607225
-1.1701707
-1.4450921
-0.90073852
-1.1147284
-1.3801
-1.1265169
-1.2966394
-1.2293707
-0.93844386
-1.1872906
-1.1490111
-1.0111212
-0.8525668
-1.0529161
-1.3634177
-1.2665019
-0.93705365
-1.158791
-0.98585156
-1.2404793
-1.1469132
-1.1896086
-1.3723171
-0.44811918
-1.3554676
-1.4723857
-1.0179488
-1.2395388
-1.3858377
-1.1598668
-1.2755989
-1.413168
-1.1526006
-1.1589989
-1.4625256
-1.2190246
-0.90310595
-1.0171656
-0.89987827
-1.0122636
-1.0978309
-0.84043186
-1.1268982
-1.0526943
-1.2158696
-1.2375768
-1.4073165
-1.2654082
-1.3949629
-1.4476018
-1.2593212
-1.2121057
-1.2927915
-1.2867209
-1.1410839
0.75735213
-1.2420778
-1.2202439
-1.0973742
-1.0762222
-1.0578675
-1.4149263
-1.0665938
-1.5269142
-1.2676767
-1.4321992
-1.0780715
-1.1891704
-0.11247721
-1.1447755
-1.0337586
-0.84384486
-1.0486158
-1.1943418
-0.87998886
-1.2151253
-1.2727865
-0.98932462
-1.2067595
-1.5192961
-1.1524693
-1.2696048
-1.048564
-1.3998176
-1.3030981
-1.3049892
-0.78790578
-1.4633818
-1.0576665
-1.1592345
-1.5459026
-1.1326953
-1.0446283
0.41608797
-1.0601514
-1.053417
-1.1829125
-1.5739828
-0.9116048
-1.2148473
-1.2821295
-1.1043615
0.62223929
-0.97798991
-1.0364637
-1.468818
-1.4725782
-1.3307758
-1.0334731
-1.3327218
-1.2193198
-1.353082
-1.147907
-1.2586665
-0.52635235
-0.93201239
-1.1769656
-1.0311657
-1.0309526
-1.4161008
-1.0494324
-1.2019448
0.42748029
-1.3563734
-0.85472869
-1.1047246
-1.1701642
-1.1672206
-1.1888933
-1.1146975
-1.4759772
-1.2985977
-1.26946
-1.5298859
-1.2879103
-1.1378629
-1.2561667
-1.1688938
-0.98761858
-1.304287
-1.11481
-1.2991385
-1.260505
-0.82224762
-1.1524064
-1.0942611
-1.1161843
-1.2425452
-1.143479
-1.1091485
-1.4269229
-1.1909074
-1.0793443
-1.1434938
-1.2434623
-1.2627413
-1.0061986
-1.1979826
-1.2695856
-1.3563413
-1.2656137
-1.3841461
-1.1280358
-1.0571125
-1.4958141
-1.7573726
-1.2662822
-1.0126529
-1.1316661
-1.1321409
0.49712416
-1.2415871
-1.321877
-1.2659503
-1.0418358
-1.1996496
-1.1375952
-1.2329
-1.0540236
-1.1683693
-1.1860641
-1.1239642
-1.1092239
-1.3066067
-1.1055568
-0.66056591
-1.1888539
-1.0167396
-0.77093534
-1.1378154
-1.2213868
-1.636799
-1.2730633
-1.2735648
-1.4254762
-1.2042396
-0.76282962
-0.92309885
-1.0982883
-1.1410717
-0.91061063
-1.2675377
-0.94247979
-1.2442764
-1.3692789
-0.09273767
-1.1360688
-1.6464627
-1.2695763
-1.1732335
-1.0970813
-1.161135
-1.0846923
-1.3922042
-0.79811145
-1.4874302
-1.3046704
-1.1324041
-1.275922
-0.79062825
-1.1926069
-0.9146479
-1.5048291
-1.1825732
-1.2952808
-1.3616778
-0.87499012
-1.2219872
-1.1785731
-0.88668699
-1.3434466
-1.1610291
-1.1983961
-1.1207515
-1.2397052
-1.1875367
-1.5177786
-1.4728918
-1.0987864
-1.0735286
-1.214711
-1.1770262
-1.176039
-1.2576601
-1.3717879
-0.93769929
-1.0753036
-1.2246726
-1.2925213
-1.085311
-1.0217664
-1.1635736
-1.0025323
-1.0900851
-1.3590665
-1.1049073
-1.1562472
-1.6183937
-1.1274499
-1.4566558
-1.0101074
-1.3754332
-1.3849838
-1.1892754
-0.8767177
-1.2190078
-1.2320813
-1.2861275
-1.5172852
-1.3626547
-1.0964033
-1.3349691
-1.4405846
-1.4138715
-1.2073217
-1.5624591
0.0072143857
-1.3726086
-1.0822762
-1.1850119
-1.1806335
-1.4990848
-1.2775185
-1.2374878
-1.3513814
-1.0035508
-1.1603828
-1.2765997
-1.5047681
-1.1501249
-1.3654318
-1.3746549
-1.159057
-1.3157827
-0.37969857
-1.0614488
-1.1399341
-1.186566
-1.3581155
-1.0608557
-1.2543511
-1.2032256
-1.2733351
-1.2803682
-0.90409781
-1.1753109
-1.1516959
-1.1534097
-1.0534899
-1.2497434
-1.1178919
-0.96115395
-1.4043349
-1.4116401
-1.2720263
-0.889235
-1.1066872
-1.122153
-1.0558239
-1.1465373
-1.1450155
-1.2266228
-1.1451666
-1.3247928
-0.98015088
-1.0327821
-1.2698862
-1.0600131
-1.1424766
-1.2896638
-1.2134053
-0.98019496
-1.2550874
-0.90720988
-1.1693071
-1.1827491
-1.0380716
-1.1230342
-0.28381986
-1.1873011
-1.1621253
-1.3005522
-1.2657459
-1.3573482
-1.0996427
-1.2981486
-1.4455974
-1.1980456
-1.5144405
-1.0019015
-1.2907615
-1.4367134
-0.73926946
-1.2693985
-1.3937454
-1.0383112
-1.0015452
-1.1787286
-1.0223351
-1.2831867
-1.2697936
-1.0977566
-1.1826661
-1.0905146
-1.1650936
-1.7241293
-1.1206308
-1.4138749
-1.1910394
-0.54185559
-1.2358286
-1.1851622
-1.394715
-0.95263148
-1.2457094
-1.3812057
-1.301821
-1.1036778
-1.1926478
-0.50055927
-1.1898627
-0.96450569
-1.0790028
-1.0504734
-1.290214
-0.035402895
-1.0915925
-1.1145161
-0.95051344
-1.1787378
-1.3392381
0.75690015
-1.0984488
-1.1586924
-1.0505832
-0.96584915
-1.0770318
-0.91282421
-1.2828118
-1.287554
-1.0030218
-1.309023
-1.0279593
-1.03369
-1.3710957
-0.98875988
-1.0866256
0.84765112
-1.1929389
-1.1627542
-1.0111273
-1.2780673
-1.3678375
-1.297329
-0.27890788
-1.2078191
-1.2413771
-1.2140233
-1.0873635
-1.2179984
-1.3053661
-1.1961916
-1.474262
-1.0217501
-0.84286799
-0.63702243
-0.98592007
-1.2817522
-1.2594327
-1.5161168
-1.2278799
-1.354203
-1.2064523
-1.2846158
-1.3328101
-1.3305663
-1.386928
-0.97738423
-1.3448331
-1.1872691
-1.279067
-0.81753892
-1.2881975
-1.3637242
-1.0691927
-1.1432103
-1.4968348
-1.2619941
-1.0310086
-1.276848
-1.190963
-1.1954966
-1.0775916
-1.4416623
-1.4384193
-1.0952287
-1.0757828
-1.388161
-1.168874
-0.75262302
-1.2286968
-1.401013
-1.2164874
-1.051107
-0.95430009
-1.3145236
-0.87134479
-1.2499545
-1.0683778
-1.100277
-1.2651854
-1.1026993
-1.3764791
-1.320253
-1.2554397
-1.2331689
-0.97375857
-1.1140402
-1.2560925
-1.2962055
-1.21221
-0.91283194
-1.3695725
-1.3043867
-1.1530264
-1.3663542
-1.4103264
-1.1545456
-1.4912791
-0.24744082
-1.2303286
-1.3280957
0.37593106
-1.1953533
-1.4020579
-1.0566404
-1.1345063
-0.99638505
-1.2119677
-0.99433927
-1.4335292
-1.184399
-1.3103656
-1.3130681
-1.256008
-0.22678798
-1.0387495
-1.618373
-1.3111991
-1.0891416
-1.3425203
-1.250384
-1.1963872
-0.84554402
-0.79648876
-1.1026883
-1.1865081
-0.6254105
-1.1008378
-1.4732889
-1.0043351
-1.2003408
-1.1221391
-0.97596984
-1.2425606
-1.1915675
-1.3543639
-1.3074295
-1.0658536
-1.1641817
-1.2136035
-1.0199753
-1.3747721
-1.6638624
-0.9989922
-1.2450998
-1.2282872
-1.2756114
-1.0977803
0.12997909
-1.2561042
-1.2936523
-1.1594716
-0.90861721
-1.4306278
-1.1697292
-1.4169947
-0.55051686
-1.243501
-1.4395446
-1.2994831
-1.3534375
-1.2413252
-1.0226128
-1.3282797
-1.0909182
-0.8109649
-1.2318823
-1.0704288
-1.2618505
-1.4240289
-0.9583538
-1.3446809
-1.1747876
-1.3955958
-1.1328216
-1.2084882
0.68225495
-1.4638872
-1.1052164
-1.0379311
-1.2506977
-1.3193488
-1.0072584
-0.8637375
-1.4404223
-1.1759716
-1.0369969
-1.2401974
-0.86099954
-1.201375
-1.0390532
0.45695075
-1.3850324
-0.88171544
-1.1916405
-1.1649621
-1.2669597
-0.9286477
-1.2976804
-1.2294289
-1.082519
-0.31567222
-1.3513332
0.2165625
0.58803969
-1.1923032
-1.1182719
-1.2347142
-1.19914
-1.385582
-1.0207552
-1.4683638
0.95582401
-1.3188468
-1.1160238
-1.3756605
-1.1349151
-1.0727502
-1.034537
-1.3413654
-1.0550548
-1.0361363
-1.3547835
-1.2347148
-0.99187166
-1.048795
-1.0317212
-1.2440341
-1.1390801
-0.94964313
-1.0288195
-1.3080241
-1.3965054
-1.2189259
-0.69234028
-1.2515833
-1.1382001
-1.0586216
0.18375758
-1.3039056
-1.1067972
-0.61589136
-1.3515123
-1.4518864
-1.1937577
-1.4769393
-1.2459964
-1.3795846
-1.1309565
-1.2486156
-1.3580414
-1.3281766
-1.4674032
-1.1991149
-1.2834748
-1.1347367
-1.441278
-1.3659916
-1.1550226
-1.1196772
-1.1840082
-1.2217385
-1.3209236
-1.1157517
0.84309917
-1.2514619
-1.3180367
-1.0974572
-1.2259168
-1.48026
-1.1692217
-0.92078089
-1.100191
-1.1662161
-1.2010851
-1.1833367
-1.1190077
-1.0620882
-1.1613283
-1.1001599
-0.99242213
-1.4062724
-1.0938396
-1.2296641
-0.87568868
-1.2063077
-1.3784925
-1.218326
-1.499103
-1.2728111
-1.2338381
-0.80399486
-1.1570404
-1.3495005
-1.4558328
-1.1995606
-1.3288932
-0.95106231
-1.1683244
-1.0490555
-1.3900111
-1.1799879
-1.256393
-0.93333394
-1.289706
-0.93570093
-1.1932388
-1.1669895
-1.1050899
-1.1605726
-1.409679
-1.2547167
-1.0674401
-1.1036031
-1.2058346
-1.2334971
-1.4171819
-1.3886465
-1.2746818
-1.245506
-1.4208511
-1.0929763
-0.81429447
-1.1206838
-1.3102438
-0.915797
-1.1638515
-1.1956454
-1.0003921
-0.98830006
-1.3109162
-1.0676167
-0.89130435
-1.2638017
-1.3446659
-1.3533601
-1.0854799
-1.2136956
-1.178732
-1.4206176
-1.2778264
-1.1402999
-1.3546486
-1.1036127
-1.1013705
-1.0717776
-1.2316663
-0.76355248
-1.3350564
-1.1868051
-1.2216658
-1.1559301
-0.98839386
-1.1897825
-1.4554232
-0.97559609
-1.2058977
-1.0649301
-1.6591022
-1.2211441
-1.1398335
-0.98016569
-1.2608963
-0.81295256
-1.3617514
-1.2218163
-1.2538943
-0.93635948
-1.0946242
-1.0661013
-1.2722377
-1.196985
-1.1516221
-0.97663326
-0.91573068
-1.1718449
-0.77250525
-1.2881715
-0.74225435
-1.2772111
-1.3296883
-1.2383328
-0.97221787
-1.2363824
-0.90849217
-1.2880304
-1.4615114
-1.1957582
-0.90916658
-1.0224414
-0.81032842
-1.2650042
-0.56220005
-1.1547155
-1.1173812
-0.9220675
-1.2031435
-1.0826354
-1.194058
-1.0796834
-1.1861708
-1.051663
-1.3067915
-1.0375903
-1.2977786
0.053117642
-1.1339484
-1.3342835
-1.4051287
-1.312306
-1.2998557
-1.2407423
-1.1905741
-1.2723796
-1.2120792
-0.98322701
-1.4214347
0.087492106
-1.3415182
-0.97278377
-0.92645347
-1.1467994
-1.2386186
-1.2810207
-1.4743558
-1.1854612
-1.1397917
-1.0904139
-1.5288413
-1.1683353
-1.3013717
-1.0686336
-1.1618413
-1.0787403
-1.3663953
-1.3321944
-1.1781052
-1.327698
-1.2856001
-1.5889752
-1.5049772
-1.2057247
-1.0083337
-1.0778715
-1.4056521
-0.74089548
-1.0914197
-1.239168
-1.0713334
-1.1155373
-1.3638776
-1.6348891
-0.86803973
-1.2859717
-1.149271
-1.1369976
-1.2158656
-1.1520821
-1.137812
-1.1280308
-1.1070719
-1.231122
-1.3429078
-0.93378462
-1.0487404
-1.1012488
-1.1950895
-0.95852047
-1.2843957
-1.1921694
-1.0829874
-1.4333071
-1.0755952
-1.2686892
-0.98223693
-1.2271038
-1.0579769
-1.1097965
-1.2061934
-1.2803449
-1.1564934
-1.3890605
-1.2621075
-1.2198
-0.57109098
-0.86297732
-1.0922368
-1.2232163
-1.301918
-1.4214334
-1.1938391
-1.2441249
-1.3802764
-1.1604656
-1.0513875
-1.1823805
-1.3303097
-0.94202741
-1.0943845
-1.2813234
-1.3283098
-1.0655635
-1.1221199
-0.92615215
-1.1047186
-1.3111999
-1.1824192
-1.1025024
-1.2809554
0.39490594
-1.0473229
-1.1397245
-1.5193928
-1.2112678
-1.2280953
-0.96570929
-1.0426637
-0.87018427
-0.9336046
-1.253339
-1.163128
-1.4604015
-1.066869
-1.3264851
-0.9432313
-1.0124376
-1.3808008
-1.3086871
-1.3675233
-0.74836564
-1.1355948
-1.4101605
-1.2969194
-1.1095035
-1.0800293
-1.2873835
-1.0894492
-1.4092046
-1.2557429
-1.1975052
-1.2117311
-1.406582
-1.2404245
-1.2357177
-0.87007653
-1.5405007
-1.4596564
-1.280912
-0.90255411
-1.4451225
-1.2179612
-1.426647
-0.97686383
-0.91190635
-1.1089281
-1.2706181
-1.6639906
-1.2965944
-1.2582119
-1.5260997
-1.3865991
-1.4106899
-1.0623799
-1.2340938
-1.5849026
0.95489191
-0.65034655
-1.0918782
-1.3659076
-0.99242402
-1.0536335
-1.2624547
-1.1382708
-1.1018671
-1.4441827
-1.1179776
-1.2474863
-1.6278338
-1.1718143
-1.104392
-1.2065382
-1.2614405
-1.3216366
-1.0301785
-1.0097987
-1.4522001
-0.28638043
1.4102171
-1.1034091
-1.1174073
-1.1049018
-1.0043016
-1.2271214
-1.1319625
-1.377766
-1.2995578
-1.1881974
-1.0604772
-1.3431858
-1.3718494
-1.3796633
-1.2559047
-1.0876057
-1.2444108
-1.3509756
-1.2284359
-1.0042501
-0.9699144
-0.047971503
-1.244529
-1.2366819
-1.1539893
-1.2529161
-1.2942832
-1.1197904
-1.2414495
-1.1382009
-1.3334142
-1.1777457
-1.0821468
-1.1672291
-1.1789803
-1.2009793
-0.83463454
-1.186989
-1.3938789
-1.3269511
-1.1845856
-1.1087736
-1.2817723
-1.350873
-1.3570832
-1.1127716
-1.274315
-1.3489256
-1.3454301
-0.35408705
-1.0543389
-1.2158738
-1.6464864
-1.1043193
-0.7109237
-1.2627899
-1.3184581
-1.0980154
-1.4099289
-1.1605402
-1.1137294
-1.2560872
-1.1521663
-1.135604
-1.2814764
-1.16252
-0.98882031
-1.0813826
-1.2058722
-1.2188996
-1.4129125
-1.3598598
-1.4461998
-1.2348729
0.64534835
-1.2322402
-1.3684776
-1.1993754
-1.0682856
-1.2068919
-1.699381
0.21693737
-1.2044909
-1.1631865
-1.1189514
0.012273038
-1.2424515
-1.0301587
-1.1937543
-1.2331597
-1.0653546
-0.73917296
-0.76570638
-1.1136829
-1.0283974
-0.86763776
-1.0712047
-1.205685
0.45036323
-1.1572544
-1.0155141
0.57230483
-1.1845444
-0.95872489
-1.4167417
-0.80566901
-1.1288109
-1.124076
-1.5418753
-1.1342468
-1.6899831
-1.4475738
-1.1620967
-1.1636229
-1.4929122
-1.1034525
-1.2350633
-0.80899365
-1.6667898
-1.2071317
-1.2494023
-1.3231189
-1.2384907
-1.0387866
-1.2033233
-1.1244844
-0.65111592
0.19037849
-1.4094848
-1.6086168
-1.0352827
-1.1683452
-1.2945543
-0.97963871
-1.2189867
-1.1119509
-1.0880223
-0.97244103
-1.6520968
-1.2555229
-0.5001705
-1.4522389
-1.3465398
-1.160686
-1.1844447
-1.1713363
-1.0993843
-1.0360272
0.87567426
-1.0914074
-1.2590893
-1.0979856
-1.226314
-1.6519608
-1.1800531
-1.2033211
-0.9991924
-1.1470985
-1.0051205
-1.246062
-1.124571
-1.0006828
-0.47182868
-1.3630567
-1.3148126
-0.94925925
-1.2232865
-1.0764245
-1.0751737
-0.92966769
-1.1058277
-0.7940489
-1.2297973
-1.0310616
-0.72199058
-1.3506834
-1.2487277
-1.2761323
-1.3249186
-1.3125371
-1.3052339
-1.3555005
-1.1546227
-1.1086376
-0.75450501
-1.1153902
-0.9783246
-1.4113351
-1.150001
-1.074974
-1.1832489
-1.0502817
-1.1106285
-1.3322056
-1.0399605
-1.0943833
-0.90110218
-1.4679455
-1.2929227
-1.2669272
-1.5446104
-1.1058064
-1.1456158
-1.5910835
-0.9162437
-1.0250373
-1.387962
-0.96478026
-1.1209206
-1.2309674
-1.1390102
-1.2654693
-1.3929254
-1.291611
-1.1844265
-1.269987
-1.3639956
-1.2662713
-1.0650409
-1.2454436
-1.1257155
-1.3288757
-1.2228043
-1.3357044
-1.1765651
-0.9816911
-1.1600036
-1.4440852
-1.0096086
-1.0492918
-1.1931052
-1.5244839
-0.75914884
-1.1788918
-1.3167363
-1.0218569
-1.3353602
-1.3533309
-1.2075086
-1.2053768
-1.2212057
-0.77698122
-1.2688684
-1.3319558
-1.2190787
-0.99970476
-1.202027
-1.2612158
0.44656299
-1.3819062
-1.5929632
-1.0257802
-1.1349842
-1.270798
-1.0589549
-1.2782035
-1.1108978
-1.194371
-1.3645672
-1.1885175
-1.0816561
-1.3473103
-1.2660297
-1.1556424
-1.446854
-1.3333545
-0.81658021
-1.3886377
-1.1217141
0.11011755
-1.1670249
-1.2827808
-1.3030051
-1.1957777
-1.3368872
-1.1352855
-1.2367386
-1.3948141
-1.2585677
-0.97867384
-1.1893757
0.95539935
-1.2171138
-1.2234061
-1.0783203
-1.1789159
-0.91530432
-1.1716982
-1.0863282
-1.0526361
-1.3177398
-0.99093617
-1.1139613
-0.95921391
-1.0812538
-1.2891107
-1.0582089
-1.138552
-1.0118839
-1.3067422
-1.2864423
-1.3279106
-1.2677075
-1.3017437
-1.4708287
-1.2067775
-1.3441137
-1.4835984
-0.66953668
-1.0862197
-1.1692213
-1.0913479
-1.3150942
-1.0243015
-1.2375419
-1.070122
-1.603148
0.51929064
-1.0011477
-1.0934722
-1.2991673
-1.170601
-1.1974277
-1.0476274
-1.1819031
-1.0456238
-1.4589424
-1.0768037
-1.2819124
-1.3828623
-1.1822282
-1.2956312
-1.1654889
-1.3074019
-1.0971068
-1.1412121
-1.4437016
-1.1985092
-1.3565915
-0.9953705
-1.132643
-1.2267423
-1.3112006
-1.2354522
-1.2428156
-0.96671596
-1.1541954
-1.436467
-1.0216881
-1.1440962
-1.0951379
-1.105445
-1.1097285
-1.2714588
-1.2655178
-1.1084343
-1.1074041
-1.3294641
-1.2528943
-1.3533056
-1.1935387
-1.2562304
-0.96992529
-1.110115
-1.1430214
-1.1770352
-1.0731839
-1.2797142
-1.6241297
-1.1864697
-1.1718514
0.60256453
-1.3469493
-1.1473339
-1.1978187
-1.39369
-1.2691119
-0.93998219
0.063492787
-1.3411411
