-0.98154306
-0.94948511
-1.2231786
-1.1518009
-1.1136147
-1.1979535
-1.2711317
-0.40798592
-0.9187547
-1.1401622
-1.0887169
-1.2898933
-1.047894
-1.2528236
-1.2501842
-1.0689366
-1.0546324
-1.3195439
-1.223786
-1.1246285
-1.2109581
-0.84400106
-1.1633522
-0.9587923
-1.24171
-0.98635898
-1.273764
-1.0441988
-1.1133287
-1.2011422
-0.8320577
-1.1220582
-0.85471542
-1.3127
-0.73025327
-1.2994901
-1.2388345
-0.98779151
-1.1874081
-1.1638903
-1.1762949
-1.2958056
-1.3056333
-0.99594832
-1.3765422
-1.0703637
-1.0416529
-1.3548719
-1.1510667
-1.0778767
-1.0385427
-1.4413256
-1.0518717
-0.9539437
-1.0165882
-1.013231
-1.2376195
-0.91583073
-1.2301657
-0.96979405
-1.0550192
-1.2610605
-0.97652184
-0.82000936
-1.147276
-1.0748559
-1.1126197
-0.92672686
-1.147058
-1.0286038
-1.2652351
-1.0015272
-1.0662638
-1.328321
-1.0130263
-1.3608025
-1.236627
-1.2691844
-1.2075915
-1.2499124
-0.91206597
-1.1207652
-1.09885
-1.1649647
-0.56596812
-1.0750185
-1.2367879
-1.0038736
-0.81259036
-1.3094934
-1.0153606
-1.4709959
-1.2523219
-1.1619547
-1.1500376
-0.92253584
-1.1777393
-1.2764659
-0.99350326
-1.1199908
-1.3443427
-0.92465211
-1.3277606
-1.046374
-1.0597958
-1.3351252
-1.0169891
-1.1972214
-1.2300056
-1.1370192
-1.4861236
-1.0562835
-1.1570856
-0.48582157
-0.98814696
-1.3563963
-1.0667964
-0.86271965
-1.0646085
-0.52027827
-1.1126795
-0.99377799
-0.99747615
-1.3167918
-1.1835293
-1.005776
-1.2209234
-0.84473829
-1.1870058
-1.0164081
-1.3733536
-1.1447666
-1.1173993
-1.1752733
-0.59697225
-1.2618862
-1.0514096
-1.1230343
-0.97163667
-1.3073493
-1.0668225
-1.0982107
-1.2434808
-1.3352311
-1.0517497
-0.17391773
-1.329031
-1.3852971
-1.1827512
-1.2654841
-1.1834806
-0.91758642
-0.98926543
-1.0000841
-1.061012
-1.2562207
-1.072527
-1.1674651
-1.2115197
-1.1327176
-0.97647588
-1.2684224
-1.2286136
-1.0510582
-0.83615613
-1.0696014
-1.0698014
-1.1751036
-1.0648357
-0.9487732
-0.79324237
-1.1494772
-0.92796717
-1.2072938
-1.0949844
-1.2496646
-1.0998318
-0.8226192
-1.0809832
-1.28655
-0.91743429
-0.87452955
-1.1468656
-0.99269034
-1.1480062
-0.93810882
-0.92025756
-1.3674132
-0.99949675
-1.3545917
-1.1216334
-0.96940873
-1.322867
-1.3586057
-1.1163253
-0.65068764
-1.0154925
-0.89595436
-1.2047445
-0.99605501
-1.1450056
-1.1131198
-1.1893129
-0.9922547
-1.160713
-0.95631609
-1.1401983
-1.4043098
-1.1439665
-1.1124386
-1.3713251
-1.0940025
-1.4523799
-1.2337834
-1.261845
-1.2894318
-1.291466
-0.91026803
-0.81435025
-0.98794712
-1.1075166
-1.1274603
-1.4378541
-1.0122487
-1.0229648
-0.892109
-1.2374986
-1.2581788
-1.2466423
-1.13258
-1.2373435
-0.83196507
-0.94189623
-1.3399354
-1.071191
-1.1246089
-1.0043822
-1.1450044
-1.4163186
-0.96636669
-1.0665117
-1.3799987
-1.2550325
-1.1831262
-1.2334303
-1.1856765
-0.9331603
-1.181918
-1.176595
-1.0613049
-1.0955088
-0.98103495
-0.91911634
-0.95619351
-0.93039991
-1.0171414
-0.58134125
-0.94992139
-1.0377886
-1.3060738
-1.2232483
-0.92361233
-1.0691738
-1.4194497
-0.91351054
-1.5395639
-1.2625938
-1.0209159
-1.1393572
-1.0857475
-0.79797169
-1.0519934
-1.1447298
-1.1694894
-1.1232939
-1.1578536
-1.2875722
-1.1220076
-1.00651
-1.3061321
-0.98629795
-1.4988022
-1.1401695
-1.0589563
-1.3670898
-1.1260758
-1.0890308
-0.74017122
-0.99486987
-1.1625994
-1.4559825
-0.89289355
-0.96066855
-0.96919581
-1.112908
-0.99592072
-1.0095755
-0.94855893
-0.92464871
-1.3930391
-1.0029025
-0.93654132
-1.1411665
-0.97038033
-1.0071864
-0.55974249
-0.72889941
-1.2054294
-1.4729189
-1.1448393
-0.61423608
-1.0337278
-0.59054409
-1.1221832
-0.95650314
-1.1902769
-0.94595077
-1.1325661
-1.5458092
-1.3038515
-1.2719642
-0.91834728
-1.4204299
-1.0464154
-1.3286271
-1.1206563
-1.1536719
-1.1713299
-1.1070258
-0.67917635
-1.1656422
-1.080234
-1.0901097
-0.96406535
-1.2049468
-1.1835031
-1.1342447
-1.3018329
-0.89963691
-0.79468941
-1.1858472
-0.76512977
-1.1016664
-0.65274753
-1.0120157
-0.87766554
-1.2680936
-1.1095753
-0.88988479
-1.2483409
-1.3489291
-1.2888468
-1.0371072
-0.72217974
-0.84335498
-1.2431749
-0.79282474
-1.536254
-1.0712568
-1.1703228
-1.1679156
-1.1978713
-0.81874377
-1.2704029
-0.79670508
-0.86314149
-0.95289491
-1.1322431
-1.023068
-0.95166851
-0.94997694
-0.81092742
-1.2159301
-0.73690669
-1.2636761
-1.205865
-0.95692891
-1.2013374
-0.85320332
-1.2849915
-1.1845959
-1.1656065
-1.0507527
-0.96532441
-0.98452054
-1.0991631
-1.1191911
-1.215509
-0.47099221
-1.2811778
-1.0065373
-1.2140915
-1.0594087
-1.0983791
-1.2327583
-1.2601333
-1.1732647
-0.73508935
-1.0471513
-1.09571
-1.2446787
-1.0824751
-1.2285749
-1.0353158
-0.95791349
-1.1357286
-1.1917193
-1.0225379
-1.080688
-1.199109
-0.73604148
-1.037343
-1.241587
-1.1144208
-0.85226156
-1.1057818
-0.40260246
-1.1817375
-1.0414374
-1.3242438
-1.1539777
-1.1964436
-1.0711062
-0.72867759
-1.0239375
-1.49419
-1.2113365
-1.0040968
-0.72527311
-0.78144213
-1.261754
-1.1386196
-1.1362496
-1.0652119
-0.89758088
-0.93461076
-1.1900918
-1.2852935
-0.9444262
-1.3088675
-1.0149819
-1.1881909
-1.0413114
-1.2286068
-0.96638601
-0.87394471
-0.97349027
-1.2105411
-1.0599836
-0.94409505
-1.2784976
-1.2514832
-1.1516406
-1.4676461
-1.3397491
-1.3105664
-1.1455015
-1.2765108
-1.0612645
-1.3438007
-1.0033898
-1.101357
-1.1220128
-0.99412073
-0.53952224
-1.108888
-1.4637744
-1.1408217
-1.4110228
-1.4717112
-0.90349358
-0.97920984
-1.1769671
-0.92374456
-1.5160057
-1.2961911
-1.1858049
-0.95914583
-0.91745006
-1.2488683
-0.92984442
-1.0651052
-1.2786915
-1.4204762
-0.89781276
-1.0350016
-1.2493632
-0.97610293
-1.172031
-1.1935862
-1.3366427
-1.554851
-1.4162251
-1.0326938
-1.129002
-1.208037
-1.3599328
-1.0147252
-0.73544918
-1.2381252
-1.2220237
-1.1759508
-1.2524493
-1.1966135
-1.0595469
-0.55527533
-1.1952908
-1.1985766
-1.2586509
-0.84202425
-1.2798647
-0.79781508
-0.77567023
-1.1943658
-1.3285434
-0.74986191
-0.8308218
-1.3153628
-0.9844337
-1.0351722
-0.96449655
-0.99069403
-1.1414212
-1.2217732
-1.104922
-0.79682007
-1.0354633
-1.259516
-1.3008847
-1.0098149
-1.0973791
-1.3647239
-1.2054663
-1.1812075
-1.1094644
-1.338892
-1.1072201
-1.1144937
-0.99396507
-0.9750514
-1.3431707
-0.89788556
-0.52771466
-1.1532635
-1.0660559
-1.0795768
-1.3920828
-1.1162894
-0.96282032
-1.0276372
-1.0349275
-1.0829176
-0.8684168
-1.312225
-1.2864034
-1.2110618
-1.2317559
-1.2181336
-1.1180729
-1.1479928
-1.113614
-1.132587
-0.98585826
-0.87696923
-1.2876843
-0.82782348
-1.1053345
-1.2587947
-1.3663494
-0.83820747
-1.0990936
-0.88814798
-0.72459313
-1.2588481
-1.3494697
-1.3418205
-1.1391627
-0.59463407
-1.1659291
-1.2474799
-1.132453
-1.1470969
-0.84781325
-0.83581572
-1.2033177
-1.1299598
-1.1431684
-1.2452435
-0.97308168
-0.93639941
-1.1198495
-1.2349706
-1.1251071
-0.9963115
-1.3551066
-0.80927581
-1.2537459
-1.2105733
-0.86327492
-0.85381794
-1.3443711
-0.88217109
-1.0669289
-1.0379851
-1.21593
-1.3649515
-1.1686403
-1.1015912
-1.0352651
-1.1037168
-1.2308762
-1.0782602
-1.3364157
-1.1315052
-1.6125115
-1.3244448
-1.0182577
-1.0993322
-1.1213305
-0.80931756
-1.0371237
-0.80132077
-0.88341602
-1.1526565
-1.0390134
-1.1014174
-1.0212905
-0.79931691
-1.1914346
-0.93830851
-1.2317619
-1.1366346
-1.2261178
-0.42586408
-0.97771456
-1.1651673
-1.1382829
-1.2935398
-1.1147856
-1.0373418
-0.88600233
-1.1819012
-1.282453
-1.4778612
-1.0644181
-1.3595746
-1.0216926
-0.89671375
-0.79178615
-1.2851416
-1.0638055
-0.70027731
-0.57779523
-0.93700314
-0.93091651
-0.96756228
-1.342058
-1.2807292
-1.3310317
-1.0796641
-1.0283239
-1.1895159
-1.0327344
-0.93600798
-0.83655226
-1.1108999
-1.2278813
-0.90288183
-1.2717146
-0.92053389
-1.2893498
-1.0866007
-1.3688026
-1.1343897
-1.0441431
-1.1286568
-1.3546672
-1.2948866
-1.0470563
-1.1341949
-1.3310812
-1.2598437
-1.0904988
-1.3988016
-1.0893701
-1.2885244
-1.1887716
-1.108792
-0.612189
-1.0604233
-0.51458464
-0.90546563
-1.1820848
-1.0379844
-0.8199204
-1.0645664
-1.218422
-1.1729567
-1.2529059
-1.4026731
-1.0136997
-1.1050238
-1.1389233
-1.1601094
-1.0027469
-1.4069678
-1.0020103
-1.2695423
-1.1571962
-1.2261597
-1.1374554
-1.2939681
-1.2069856
-0.96846356
-0.78515235
-1.051571
-0.98408178
-1.2108162
-1.1144185
-1.1232199
-0.82735107
-0.70251886
-0.99146286
-1.2695653
-1.2725364
-1.0871461
-1.1455404
-0.82658546
-1.1718886
-1.0589442
-0.99501632
-1.2734135
-0.88344973
-1.1576146
-1.2601791
-0.94882781
-1.1168638
-1.0359967
-1.1962048
-0.62030679
-1.2571998
-1.1394581
-1.3045525
-0.91403617
-0.87195677
-1.3379612
-0.87501735
-1.1502039
-1.2326273
-1.2851502
-0.87617937
-1.4086044
-1.1268873
-1.3301694
-0.68501405
-0.92256832
-1.2000895
-1.1689048
-1.3130201
-1.0178238
-0.93964471
-1.061614
-1.0403394
-0.93101504
-1.3818404
-1.1200744
-1.0481613
-1.1989911
-1.1902677
-0.99679256
-1.2914082
-0.88465307
-1.1482719
-1.1480123
-0.91815738
-1.0801137
-0.99243079
-0.87733435
-1.2891478
-0.85237162
-0.71769946
-0.82768021
-1.0659142
-1.2653885
-0.98834774
-0.81564753
-0.76898695
-0.30832087
-1.030156
-1.263138
-1.3106004
-1.0325638
-1.3028842
-1.1356378
-0.94753125
-1.4251671
-1.2020378
-0.98977824
-1.049471
-0.76612077
-1.0271215
-1.0322894
-0.99180479
-1.2418679
-1.3559798
-1.2133476
-1.0814867
-0.93075403
-1.0414827
-1.3121884
-1.2087035
-1.3433795
-1.0785551
-1.0655287
-1.4212995
-1.2455794
-0.74703168
-1.0253948
-0.96789524
-1.4777491
-1.0722492
-0.80842011
-1.0411013
-1.1830757
-1.1282988
-1.3947503
-1.0740434
-1.1664955
-0.70371806
-1.1807589
-1.2574899
-1.004029
-1.3310729
-1.1144926
-1.1446858
-1.1251318
-0.80300902
-0.99952118
-1.0136651
-1.0112231
-1.0824134
-1.3129909
-1.2247319
-0.15188685
-0.96299149
-0.5329354
-0.86952373
-1.3701655
-0.83457
-1.2721706
-1.2739724
-0.92573052
-0.9725437
-0.91599134
-1.1235884
-1.4520927
-0.90806696
-1.2634905
-1.3118808
-1.1746781
-1.1080644
-1.233525
-1.2786501
-1.2046958
-1.2309771
-1.1036424
-0.87296113
-0.99288621
-1.1885616
-1.09079
-1.0127514
-1.1544883
-1.2537839
-1.0040445
-1.1497579
-0.86336568
-1.1064459
-0.7817998
-0.78489751
-1.1354939
-1.3053918
-1.0920029
-1.0745406
-1.2184313
-0.8227057
-0.81847383
-1.2279719
-1.3602567
-1.0725932
-0.94853558
-0.62999207
-1.029342
-0.97426248
-1.0194751
-1.2090867
-0.96948337
-1.2533208
-1.1783104
-0.78593759
-1.064926
-1.0525035
-1.0541757
-1.2551264
-1.4278695
-1.0517241
-1.2843683
-1.0464627
-1.2929411
-1.3111337
-0.94615984
-1.2943426
-1.0240922
-1.1443505
-0.69582042
-1.023639
-1.1640376
-1.2289811
-1.2312694
-1.2881547
-0.96114795
-0.97942719
-1.0612064
-1.6120167
-0.86961451
-1.4684705
-1.0363474
-1.1054992
-1.1103627
-1.4927204
-1.1591461
-1.2721339
-0.72711371
-0.96437131
-1.1593872
-0.8783259
-0.42270214
-1.1698542
-1.2554874
-1.0787438
-1.2518704
-1.0578316
-0.69322454
-1.161545
-1.10654
-0.98419143
-0.84622013
-1.1355915
-0.90682645
-1.2177928
-1.0694336
-1.4526135
-1.1660386
-0.73166378
-1.0440345
-1.2753422
-0.95591949
-1.1472312
-0.82078873
-0.6025507
-1.1051607
-1.246563
-0.87294784
-1.1236264
-1.0751256
-0.80998286
-1.1270981
-1.1573144
-1.1912593
-0.96562375
-0.93396649
-1.1761015
-0.81846787
-1.1882087
-1.2006356
-1.1879138
-0.61422466
-1.0344163
-1.1464082
-1.1997001
-1.2641317
-1.0890588
-1.1390844
-0.85185044
-1.3806033
-1.102372
-1.2612087
-1.1411183
-0.66966764
-1.0722417
-1.3306882
-1.1157071
-1.3274488
-0.8700221
-1.1891247
-1.2914406
-1.1745252
-1.1241978
-1.1884039
-1.0208013
-1.4351866
-0.93104931
-1.2591827
-0.80787466
-0.85604777
-1.0747534
-1.0545485
-0.75795397
-0.99506238
-0.67984408
-1.2956764
-1.3126219
-1.3949517
-1.0143629
-0.98006426
-1.3716675
-0.87824014
-1.014502
-1.4602312
-1.2406641
-0.9695436
-1.0492269
-1.1815656
-1.3813183
-1.2128013
-1.2447089
-0.82295459
-1.1794773
-1.4106188
-1.3421495
-1.1614402
-1.0227694
-1.5526443
-1.0599744
-0.83867254
-0.92860523
-0.86744092
-0.76913926
-1.0503246
-1.2347896
-1.2775143
-1.2175897
-1.0168543
-1.332461
-1.2499209
-1.1227126
-1.0766139
-1.0942091
-1.174693
-1.228226
-1.1904306
-1.4482917
-0.79835778
-1.3743625
-1.1824112
-1.0373153
-1.2822552
-1.2159218
-1.1736293
-1.3105782
-1.2865234
-1.1107901
-1.0360343
-1.1599373
-1.0569279
-1.1123423
-1.186956
-0.86477468
-1.0584669
-1.044671
-1.5406343
-0.78352429
-1.0387752
-0.81053652
-1.0746607
-1.180392
-1.204398
-0.51666409
-1.107361
-0.71617588
-1.5092315
-1.2260732
-0.98738847
-1.1945337
-0.80366207
-1.2179478
-1.1243949
-1.2060451
-1.3521278
-1.12598
-1.208984
-0.90037732
-1.1230249
-1.2301545
-1.4698239
-1.1648377
-1.1051258
-0.36009138
-0.94321427
-0.78431251
-1.3936056
-1.3712738
-1.1274473
-1.1770417
-1.0141837
-1.3966968
-1.0630138
-1.0419531
-0.79641333
-0.94468739
-0.9800538
-1.2789941
-0.93855573
-1.345786
-1.0872785
-0.80436112
-1.4084557
-1.0113891
-1.3807479
-1.1538333
-1.041035
-0.76591152
-0.85333444
-1.0754437
-0.97462567
-1.3455042
-1.4141406
-1.0905425
-0.95618736
-1.1830133
-0.42700047
-1.0155389
-1.4762824
-1.2388903
-1.2404918
-1.0735995
-1.287312
-0.89898246
-1.1196871
-1.251076
-0.99011323
-1.1697265
-0.90273543
-1.1848805
-0.92647477
-1.128161
-1.1656654
-1.4396443
-1.0954015
-1.1015364
-1.3149055
-1.126629
-0.87577023
-0.96076042
-0.99613385
-1.0513376
-1.1250089
-1.2502005
-1.097808
-1.1071514
-1.1911206
-0.49784605
-0.885507
-0.81628851
-1.1980486
-1.1352395
-1.1280942
-1.1245454
-1.1644359
-1.2884647
-1.2390863
-1.294383
-1.2655014
-0.82441534
-1.3473609
-1.0597486
-1.1813787
-0.83773099
-0.93156376
-1.0038991
-0.8781033
-0.86924372
-1.3688665
-0.82166677
-0.37496405
-1.0605638
-1.1196889
-1.1524647
-1.2169772
-1.1472942
-1.1054619
-1.0379562
-1.1222162
-1.2819618
-1.117925
-1.2116692
-0.8879636
-1.0589138
-0.91916432
-0.91824754
-1.1798972
-1.1204483
-0.98687551
-1.0880675
-0.96972448
-0.91400064
-1.421199
-0.64792878
-1.1389124
-0.77007601
-1.1112017
-1.0369119
-1.0551797
-1.2344597
-0.99622317
-1.0030856
-0.71213669
-1.1829665
-1.070214
-0.86193559
-0.98400848
-0.80342841
-0.9131592
-1.1229715
-1.2146052
-1.2997178
-1.2667674
-1.1192716
-1.2848799
-1.2952756
-0.51257662
-0.65581122
-0.99304804
-1.3871813
-1.4555624
-1.3340075
-1.1977918
-1.0697766
-1.2526045
-1.2011482
-1.0391924
-1.2018561
-1.0346061
-1.0340739
-1.2558081
-1.1121949
-0.92477959
-0.99969583
-0.95115741
-0.76695078
-1.0575239
-0.59446621
-1.3301209
-1.5040572
-0.90170741
-1.0624139
-1.2420928
-1.054152
-0.65853562
-1.3258248
-0.9565961
-1.0499743
-1.196091
-1.1236123
-0.71622564
-1.0281595
-0.78513551
-0.92205015
-1.4233882
-1.1524714
-0.97553793
-1.1467842
-1.0583671
-0.87779053
-1.0608838
-1.2936049
-1.216061
-1.0796718
-0.7322021
-1.04653
-1.3199347
-1.1118512
-1.1622429
-0.93026198
-0.66470443
-0.99609271
-0.96302731
-0.98948335
-0.75646235
-1.3438575
-1.2902135
-1.2633012
-0.47103586
-1.169891
-1.399886
-1.1511157
-1.2246141
-1.398234
-1.1058117
-0.93257401
-1.2369257
-1.1787448
-1.3090939
-1.0898849
-1.0531801
-1.1745426
-1.0824955
-0.57044042
-1.3430701
-0.89651001
-1.1024797
-0.8616929
-1.1432781
-0.92473001
-1.1416821
-1.043837
-1.1474164
-0.89042304
-1.0076693
-1.0784139
-1.3175829
-0.99364303
-1.0515938
-0.94212264
-1.0666483
-1.0365017
-1.2505503
-1.2279143
-0.88811766
-1.0746118
-1.0944388
-1.4770253
-1.0604763
-0.93238052
-1.1796825
-0.88286683
-0.95400366
-1.1542194
-1.1209548
-0.92384819
-1.5633827
-1.004405
-1.0838684
-1.1777947
-0.98190329
-1.1620762
-1.0959256
-1.1663869
-1.2155289
-0.081900406
-0.88031503
-1.0932713
-1.3364881
-1.1863424
-1.2572643
-0.95732491
-1.3758746
-1.028191
-1.1704164
-1.1397847
-1.6030987
-0.91018982
-1.2794107
-0.96891741
-0.79784787
-1.1367376
-1.0315375
-1.3865228
-1.1487083
-1.4254537
-1.0436154
-1.0941565
-1.2115441
-1.0538742
-1.1761187
-1.0579911
-1.0228123
-0.98839309
-1.0856515
-1.3341999
-1.1951743
-1.1525109
-1.2312649
-0.77685386
-0.86232239
-1.040621
-1.0596248
-0.93993658
-0.73407381
-1.3105605
-1.0352027
-1.3746639
-1.1331034
-1.5370958
-1.210121
-1.0014902
-1.1526005
-1.1042278
-0.99887444
-1.1835246
-1.1039325
-1.0718036
-1.0704312
-0.97963273
-0.54344951
-1.2394142
-1.0977668
-1.2968781
-1.0076052
-1.2359077
-0.86507292
-0.94188862
-1.1552981
-1.0594437
-1.3742774
-0.87041196
-1.148763
-1.1700801
-1.09964
-1.0253312
-1.2041274
-1.2528787
-0.93219723
-0.92532851
-1.077909
-1.108767
-1.2048735
-0.9995864
-0.73775936
-1.3954146
-1.2065033
-1.1868743
-1.2592428
