-1.0876102
-1.0857753
-1.2789641
-1.2470807
-1.3908636
-1.2659803
-1.0216202
-1.3163349
-1.0652127
-0.93958785
-0.54604745
-1.4183142
-1.2758355
-1.0306671
-0.33961812
-1.2162007
-0.52569486
-1.2125818
-0.69369772
-1.2581419
-1.1452718
-1.1841145
-0.83267643
-0.91977687
-1.0282169
-1.0818112
-1.2850709
-0.86992183
-0.95036024
-1.1687834
-1.1029922
-0.54031499
-0.98886753
-0.97153632
-1.0536592
-1.2420272
-0.68927897
-1.1899491
-0.89265506
-1.4700097
-1.0475377
-0.97621524
-1.5359722
-1.5376415
-1.5849093
-0.98635689
-1.3009433
-0.12344157
-0.91986754
-1.1729188
-0.86513854
-0.94893018
-0.88348259
-0.90745686
-1.1132862
-0.88101201
-1.0731329
-0.16831454
-1.0147639
-1.3202992
-0.3201052
-1.342251
-0.91412248
-1.0578652
-0.92325278
-1.3159583
-0.32590003
-1.2046322
-1.244313
-1.05901
-0.45983526
-0.70601147
-1.0659166
-0.69583111
-0.96731469
-0.51152686
-0.60710152
-1.2589477
-1.260463
-1.1931801
-1.2189618
-0.38544538
-0.97398707
-1.0723279
-1.0684887
-1.022063
-0.71189959
-0.96216071
-1.3303093
-0.57729271
-1.2030849
-0.90281731
-1.1726667
-1.0082956
-0.96561893
-1.1987897
-1.2892682
-0.78249057
-1.2505871
-1.0795646
-0.83177407
-1.4830042
-1.2121727
-1.1637855
-1.1829753
-1.1594694
-1.2719753
-1.1013942
-0.92627787
-1.1348924
-0.94332029
-1.1421119
-1.0822456
-1.2401834
-1.0724149
-1.6319675
-1.0114557
-1.0828978
-1.4003109
-1.4710603
-1.0435928
-1.0468852
-1.1183924
-1.5688493
-1.0784016
-1.1294256
-0.9349571
-1.3880987
-1.0644532
-1.0820238
-0.76830633
-1.2329387
-1.1229719
-1.2551909
-1.1275726
-1.2947622
-0.95533303
-1.4494962
-1.2421759
-1.2820764
-1.0894447
-0.99019169
-0.99851183
-1.1282627
-1.1243276
-1.4491588
-0.073058361
-0.93334327
-0.57218959
-1.315119
-1.1362482
-1.2523873
-0.89604492
-1.1709223
-1.1682502
-1.3103377
-1.0775612
-0.66413481
-0.96797818
-1.1269204
-1.0689067
-1.242398
-0.96252387
-1.0161944
-0.96578524
-1.0970374
-0.10113858
-0.82800127
-0.9010895
-1.0760459
-0.71763201
-1.3108428
-1.0450591
-1.2563338
-1.0597036
-1.361095
-0.8651574
-1.0117899
-0.32778901
-1.0022288
-1.1533417
-1.2393427
-0.96449127
-0.7555973
-1.2317136
-1.13016
-0.98573091
-1.2046235
-1.2578835
-0.27587847
-0.49005727
-0.93306979
-1.3538677
-1.3283327
-1.011754
-1.1445478
-1.1150243
-1.1248299
-0.96520145
-1.3215683
-0.81317103
-1.0755015
-1.0965311
-1.1486594
-1.3066086
-0.83354423
-1.0548685
-1.0676845
-0.61605052
-1.1318465
-1.2019786
-0.7593538
-0.6961582
-1.1198489
-0.95193096
-1.1149234
-1.4063065
-1.1041288
-1.6364745
-0.91444767
-1.214672
-1.0318369
-1.0332339
-1.226717
-1.4691795
-1.2628967
-1.1535413
-1.2632317
-1.2126951
-0.86694675
-1.0458625
-1.080971
-1.2734909
-0.69629267
-1.0755047
-0.96164411
-1.0698299
-1.0541273
-0.70179378
-1.1494584
-1.0327912
-0.98878219
-0.9384509
-1.1745621
-1.1871403
-1.268355
-0.96221539
-1.1726463
-0.84413742
-0.97581065
-1.1495738
-1.3448352
-1.2063128
-0.97834007
-1.181295
-0.82869913
-1.376333
-1.3472138
-1.3270654
-1.6710654
-0.94727072
-1.2275993
-0.95484266
-1.5472343
-1.3607581
-0.93703077
-1.1388044
-0.73820827
-1.3484037
-1.2582091
-1.2049508
-1.2885949
-1.0336339
-0.448598
-1.2201654
-1.3402109
-1.3398446
-1.1744405
-1.0658892
-1.1767993
-1.269759
-1.0016069
-0.79656051
-0.82426297
-1.3901292
-1.3609621
-1.0484172
-1.2731482
-1.4708331
-1.4865431
0.10992998
-1.0028836
-1.4834445
-1.0485147
-1.1508044
-1.29804
-1.2701232
-1.1535852
-1.2634862
-1.4036607
-1.2095311
-1.2622656
-1.4956846
-1.2845588
-0.7270714
-1.1821213
-1.1922019
-1.1929652
-1.491705
-1.2238953
-1.3509731
-1.0875644
-1.1620648
-1.3785774
-1.0671055
-1.1221201
-1.1622861
-1.0485527
-1.2162398
-0.18349629
-1.2881428
-0.95322348
-1.4240082
-1.0997553
-1.0250657
-1.0318701
-0.94602726
-0.80761874
-0.99800133
-1.2567747
-1.2498742
-1.5410143
-1.0590578
-1.6325992
-0.47245958
-1.367964
-1.0145591
-0.88675125
-0.80533336
-1.1817442
-0.93783542
-1.3984304
-1.2583882
-1.1197318
-0.97473137
-1.0318297
-1.0887536
-1.1170351
-1.294729
-1.0458599
-1.2249887
-0.68121082
-0.92444517
-1.1156842
-0.84075357
-1.0568393
-1.038627
-1.0846313
-1.0107734
-0.9607966
-1.2427257
-1.6311808
-1.1327041
-1.0253051
-1.0462828
-0.99729404
-0.95040081
-1.223451
-0.91252104
-1.3292133
-1.3715389
-1.010516
-0.60185906
-1.4644166
-0.62997997
-0.83835597
-1.3170089
-1.091392
-0.93294154
-0.86447174
-1.0322269
-0.31271357
-0.92694228
-1.2085648
-0.82283223
-1.1692621
-1.2841099
-1.1287753
-1.3559793
-1.0000781
-1.1631925
0.025268821
-0.5046995
-1.0848979
-1.206541
-0.93953983
-1.494732
-0.98112514
-1.0703102
-1.2149202
-1.4140734
-1.3536334
-1.0518468
-0.90640878
-1.3675753
-1.2398729
-0.95329661
-1.1561698
-0.55638128
-1.1848468
-0.81763921
-1.1482983
-1.5095823
-1.3491739
-1.1549393
-0.5431695
-1.3803676
-1.2208778
-1.248904
-0.7966545
-1.0520292
-1.1489019
-0.62127463
-1.2519885
-1.0371666
-1.0514427
-1.1503988
-1.2464919
-1.09347
-1.2526699
-1.2050716
-1.3496315
-0.76566548
-1.264249
-1.0360237
-1.0262568
-1.2907617
-0.99004123
-0.65775046
-1.0624931
-1.2048534
-1.6079991
-0.93607319
-1.0605822
-1.0309007
-1.1892763
-1.5214479
-1.1048534
-1.1149545
-1.5171058
-0.59900333
-1.229272
-0.8776964
-1.4769616
-1.2148534
-1.4529654
-1.1849513
-0.63135613
-1.248306
-0.9335122
-1.0525097
-1.1790057
-0.66396382
-1.2541507
-1.0573829
-0.93049267
-1.4158577
-0.94957147
-1.5196483
-1.349951
-1.2394068
-1.1187239
-1.138586
-1.2639961
-0.90749023
-1.3694206
-1.2237375
-0.72441895
-0.73880008
-1.2536514
-1.2606108
-1.0516022
-1.3720734
-1.1817872
-0.5405742
-1.153074
-0.87905857
-1.3226655
-1.0831381
-1.2316598
-1.2649648
-1.1152194
-0.76630325
-0.86056833
-1.301692
-1.1167004
-1.2197328
-1.0650125
-1.3838607
-1.0487632
-1.240204
0.055151639
-0.94531195
-1.4169918
-1.2958217
-0.92917769
-0.32155151
-1.1483726
-0.98431618
-1.4421963
-0.96515073
-1.1951013
-1.1023947
-1.0912572
-1.3606649
-1.3350781
-1.3262774
-1.1853018
-1.0692291
-0.57948201
-0.84652444
-1.3314713
-1.3808293
-0.12466597
-1.0091252
-0.74807964
-1.3483048
-1.3147545
-0.72290116
-1.0161304
-0.87456115
-1.1102414
-1.2612175
-1.5981683
-1.1292658
-1.0314474
-0.99815726
0.33674327
-1.0776909
-1.2311299
-0.92550602
-1.2898477
-1.1459812
-1.1577614
-1.0105725
-0.84230749
-1.2176093
-1.433459
-1.2977871
-1.0101071
-1.2105967
-0.96224623
-1.1541166
-1.1376311
-0.20496368
-1.4681974
-1.0536366
-1.3261835
-1.3357729
-1.235428
-1.0425267
-1.0440089
-0.99849212
-1.1927211
-0.66317676
-1.2294769
-1.2517906
-0.99991097
-1.008982
-1.0795951
-1.1924328
-0.92633445
-0.91713701
-1.3427898
-1.524116
-1.1135801
-1.3422884
-1.0246488
-1.4744616
-1.135159
-0.93976901
-1.277639
-0.89507091
-1.1865937
-1.201119
-1.2954035
-0.58400076
-0.96780681
-0.50532314
-1.1564965
-1.0734304
-0.96400441
-1.2944064
-1.0638932
-0.90473741
-0.95552782
-0.75708593
-0.68229699
-1.4079598
-1.2390828
-1.202353
-1.4277667
-1.0963417
-0.77912964
-1.0410629
-0.79484296
-0.49889965
-1.1544078
-0.984113
-1.2555806
-1.1297774
-1.0360247
-1.0660681
-1.3162236
-1.0122801
0.45960108
-1.5311006
-1.217071
-1.2144473
-1.2377713
-1.295561
-1.2309717
-1.2566545
-1.1477154
-0.88646577
-0.86605233
-1.0607251
-0.99515082
-1.3100083
-1.00662
-1.0785207
-0.59987278
-0.90145135
-1.1836693
-1.4334027
-1.1288728
-1.2133375
-1.2191298
-1.3767825
-1.1637649
-0.87997153
-1.0863989
-0.46218433
-0.93663615
-1.5644514
-1.2277954
-1.0445533
-1.1268887
-1.5073897
-1.4111501
-1.1253464
-1.5809034
-1.1121903
-0.99586333
-1.299488
-1.1158844
-0.69962275
-1.3428094
-1.226358
-1.2552116
-0.59005345
-1.5034821
-0.98038643
-0.92169804
-1.0947826
-1.3289457
-0.95310898
-1.0109918
-1.034434
-1.1847712
-1.2083493
-1.1450978
-0.83715554
-0.33988606
-1.2933989
-1.1805785
-1.3958417
-0.83587913
-1.0190106
-1.1453206
-1.0342767
-1.0098468
-1.1550947
-1.4129398
-0.99718424
-1.2128641
-1.3817652
-0.89603328
-1.519489
-0.86429688
-1.1056791
-1.0805596
-0.87448731
-1.2681808
-1.3096259
-0.95231587
-0.99743156
-0.59681004
-1.2105599
-1.0058482
-1.1784116
-0.31608616
-1.3380171
-1.1083481
-1.0625943
-0.86432037
-1.076112
-0.85844413
-1.1862068
-1.2638086
-1.11457
-1.0886625
-0.79479773
-1.0694136
-1.478211
-0.73163613
-1.2736236
-0.27692672
-1.0149602
-1.1837087
-0.88331294
-1.2351217
-1.0374147
-1.4749877
-1.0625444
-0.88931541
-0.97681845
-1.4862077
-0.89310659
-1.0274672
-1.2603866
-1.2407068
-0.54310861
-0.89046158
-1.3225125
-1.1494576
-1.0578334
-0.94517315
-1.5166827
-1.1152319
-0.75071866
-1.693474
-1.060648
-0.93598164
-1.0624824
-0.8702529
-1.2354564
-1.2544108
-1.7905489
-1.4633038
-1.1144128
-1.1600722
-1.3447932
-1.5560392
-1.1360482
-1.4237332
-0.99076155
-0.96857353
-1.0291863
-0.65521838
-1.0260888
-1.1857841
-1.0160123
-1.5521328
-1.3392448
-1.2851435
-0.9844187
-1.1291918
-1.2342491
-0.97266377
-0.85208056
-0.737142
-0.85323149
-0.82238904
-1.2319529
-1.5215225
-1.134234
-1.4877552
-1.1027565
-1.0838222
-1.1966551
-1.2556443
-1.2804963
-1.2122209
-1.1543196
-0.98716104
-0.52106896
-0.91732954
-0.93176816
-1.1527128
-0.64260171
-0.86032165
-1.253087
-1.0913469
-1.1820427
-0.89395602
-1.2233447
-1.0908142
-0.95744705
-1.1955325
-1.1943481
-1.2402492
-0.96109054
-0.8889947
-1.4801047
-1.1849536
-0.93831537
-1.0486582
-1.3263167
-0.84910771
-0.8865689
-1.0701037
-0.88265353
-1.2955077
-1.3727807
-1.019899
-1.2631931
-1.2235239
-1.1301159
-0.96853487
-1.0645338
-1.1601105
-0.91490631
-1.1886317
-1.2414658
-1.1206067
-1.1876757
-1.181924
-1.0278873
-0.89575794
-0.99500237
-1.2863849
-1.1442753
-0.93590888
-1.2020839
-1.4703198
-1.1336239
-1.412027
-1.0634668
-1.1741983
-1.08792
-0.93771403
-0.60054561
-1.1314912
-1.1166406
-1.2615039
-0.85568757
-0.83750319
-1.2726147
-1.0485275
-1.2407543
-1.0337539
-0.9620545
-1.2331253
-1.2135881
-0.55082459
-0.89284448
-1.1310394
-1.194161
-0.91168192
-1.1184339
-1.0442894
-0.76502344
-0.60414501
-1.190908
-0.88542497
-0.70155183
-1.2788253
-1.0215101
-1.2494484
-1.2549042
-1.2143905
-0.61767211
-1.3261077
-1.4370256
-1.1421864
-1.1834026
-0.9295169
-1.2371788
-1.5671576
-0.5576499
-1.4500031
-0.60702213
-0.98354286
-1.0414744
-1.2019468
-1.1711965
-1.1329667
-0.89027418
-1.4429645
-0.98958329
-1.3857471
-1.1712574
-0.77810127
-0.91893906
-1.0619772
-0.41856206
-1.2093268
-1.1906062
-1.2291569
-0.85761862
-1.0245655
-1.0857197
-1.07347
-1.4356495
-1.2281465
-0.6819127
-1.2888871
-1.1851751
-1.3303397
-1.3255925
-1.2727409
-1.2552567
-1.1681733
-1.2279133
-1.0041372
-1.1475074
-1.1176253
-1.3799567
-0.66528381
-0.72409479
-1.5550065
-0.9661045
-1.1956569
-1.2797701
-1.3452577
-1.0961942
-0.69368297
-1.4107713
-0.90967857
-1.3580986
-1.4869804
-0.52114306
-1.3744233
-1.1032103
-1.0005382
-0.36816195
-1.1978611
-1.1846144
-1.2532117
-1.2621487
-1.3455916
-0.82959111
-0.95502937
-1.0743279
-1.2301853
-0.86234996
-0.97140531
-1.1576628
-0.86946612
-1.0392323
-1.0729475
-1.2658125
-1.0062099
-1.4885564
-1.3144992
-1.2895114
-1.2445091
-1.1756266
-1.1824888
-0.83269002
-1.4122923
-0.95378911
-1.1779364
-1.1833171
-0.96866519
-0.97312078
-1.2570663
-0.64029255
-1.4501763
-0.74175113
-0.99237854
-0.81490774
-0.82370394
-0.94635574
-1.1725613
-0.90842612
-1.1032223
-1.0254495
-1.1536678
-0.83175408
-0.93749938
-0.99278092
-0.81088031
-1.176625
-1.2874668
-0.74377013
-1.0123808
-1.2920899
-1.0910198
-0.63724047
-1.0682042
-1.3338246
-1.4986042
-1.3958285
-1.2362914
-1.1271114
-1.2434851
-1.2158956
-1.1840035
-1.0370955
-0.68546373
-1.313251
-1.2048325
-1.0994323
-1.2353031
-0.83258119
-0.12558846
-1.1966281
-1.3373467
-1.1007728
-0.90313459
-1.2008069
-0.89112756
-0.65353807
-1.1047695
-0.75924012
-1.2721482
-0.94675384
-1.1026504
-1.0503587
-1.1126589
-1.1847402
-1.3773748
-0.90892392
-0.64088681
-1.3562004
-1.2329619
-1.2818214
-1.018664
-0.9013416
-0.58823786
-0.97300123
-0.57479974
-1.3749888
-1.2909007
-1.0434554
-0.7657179
-1.1225036
-1.0698274
-0.90745464
-0.87824128
-1.0702316
-0.27977926
-0.39192741
-1.1675872
-1.2338795
-1.0207113
-1.1891158
-0.90288506
-1.4578792
-1.0225734
-1.6694375
-1.3086511
-1.0421916
-1.2876023
-0.96469832
-1.2820339
-0.49321052
-1.1556915
-0.72269857
-1.1886269
-1.4400509
-1.0008739
-1.3011395
-1.0405585
-1.1153845
-0.99648284
-0.67038914
-1.5033018
-1.2723117
-1.1095122
-1.0876661
-0.43561942
-1.1964124
-1.3222228
-1.1020906
-1.3697948
-1.2324111
-0.74832922
-1.3305906
-0.66604601
-0.64653133
-0.99564964
-1.4186503
-0.73289586
-0.62262813
-1.179849
-0.98706126
-1.175908
-0.97466109
-1.0946148
-0.6128481
-1.5486265
-0.95037292
-1.2680438
-1.3015957
-1.0965996
-1.0828234
-0.44127376
-1.3791384
-1.0580319
-1.2057158
-1.0401665
-1.423293
-1.1225831
-0.77782787
-1.2711442
-1.140022
-1.1290036
-1.2408861
-1.0538376
-1.0412473
-1.2434191
-1.0364178
-0.5714099
-1.1646596
-1.042481
-1.0770623
-1.0655791
-1.1455496
-1.0358459
-1.4468199
-1.0421029
-0.9147339
-1.1088052
-1.1620385
-1.5346769
-1.1916967
-0.97341512
-0.82885597
-1.1474009
-1.3266006
-1.0328004
-0.65504108
-1.6517549
-0.87543825
-1.2898159
-1.5259601
-1.1095049
-0.91537936
-1.1253116
-0.965232
-1.2314722
-0.1283981
-0.7254595
-1.3093576
-1.1948316
-1.1161124
-0.97288173
-1.0471165
-0.58673432
-0.76707953
-1.0443086
-1.2511455
-1.2330766
-1.0457038
-1.4127377
-1.5779493
-1.2472369
-1.2074961
-1.181954
-0.94892571
-1.5909428
-1.2103358
-1.2516957
-1.5750756
-0.84354565
-1.1576913
-1.3197203
-0.94787646
-0.95619165
-0.72732553
-1.1610118
-1.1550319
-1.10745
-0.84492035
-0.86170443
-1.0012016
-0.89535523
-1.4709389
-1.3172184
-0.50811062
-1.3188933
-0.98206298
-0.81025256
-1.1763798
-1.2968926
-1.5263071
0.71678459
-0.76510835
-1.4483978
-0.71973766
-1.4237676
-0.83346524
-1.0222598
-1.2269946
-1.1912001
-0.87856316
-1.1651632
-1.1929957
-1.3264624
-1.0851347
-0.87665289
-1.2220488
-0.96251747
-1.4438497
-0.80687905
-1.3196528
-1.4526379
-1.1958603
-1.1336822
-0.92220843
-1.3055447
-1.388579
-1.1029138
-0.73030371
-1.4190597
-1.0387351
-1.2350873
-1.0754243
-1.22745
-1.0875012
-1.4955286
-0.60776713
-1.4593744
-0.86149322
-1.1302025
-1.1064674
-1.3088183
-1.1000004
-1.2051965
-1.7233939
-1.0391896
-0.67710791
-0.82178543
-1.0417048
-1.2270245
-0.85147298
-1.1579849
-0.99450427
-0.8490589
-1.0087233
-1.1976228
-1.1860821
-1.0855091
-1.1660011
-1.1059769
-1.3981921
-0.96151088
-1.3977656
-0.85989211
-1.3665956
-1.2413568
-1.0731925
-1.1486402
-1.1157272
-0.88657096
-0.98323188
-0.82927506
-1.0636355
-0.9209509
-1.0901912
-1.215816
-1.1386592
-1.223977
-1.2660281
-0.88494163
-1.3960422
-1.2860729
-0.36092789
-0.98569774
-1.12608
-0.91690304
-0.60202573
-1.1485774
-1.1289313
-1.5316408
-1.016344
-1.210295
-1.1524013
-0.70414643
-1.0363177
-1.3037884
-1.1360698
-1.3729439
-1.1549476
-1.0924077
-1.1304375
-0.99393583
-1.0753647
-1.3318942
-1.2764438
-0.95927407
-1.1841949
-1.0397781
-1.2687333
-0.9166326
-1.1219282
-0.62553378
-1.4355326
-0.61683999
-1.3796795
-1.1847499
-1.3158907
-1.1572596
-1.2209675
-1.2874585
-0.98578737
-1.3418515
-0.5833121
-1.0751261
-1.3172314
-0.82424496
-1.1689706
-1.0823214
-0.91582068
-1.0062628
-0.78667588
-1.5075032
-1.1999157
-0.9412684
-1.4552185
-0.79956479
-1.2280019
-1.0928952
-1.5740831
-0.84253562
-1.2400092
-0.7645038
-1.2902059
-1.3763226
-1.1566045
-1.2256639
-1.0293609
-1.074292
-1.3561153
-1.0354279
-0.86533543
-0.95735757
-0.76988772
-0.93548402
-1.0757348
-1.0498672
-0.94484414
-1.1358183
-1.3480583
-0.63080844
-1.0721719
-1.0412369
-0.84061192
-1.2647948
-1.4718943
-1.2356875
-1.126927
-1.0726869
-1.2566675
-1.0805587
-1.4024445
-1.3734894
-0.82899133
-0.96098911
-1.0626571
-1.2555668
-1.2401243
-0.84852304
-1.0091619
-0.90173341
-1.2859742
-1.1855921
-0.77843937
-1.1015977
-0.59668407
-1.2045132
-1.0916871
-1.1732974
-1.2726959
-1.0659932
-1.197583
-1.3199766
-1.3654768
-1.1350105
-1.1457205
-1.4761251
-0.93654543
-1.0123729
-1.1174062
-0.94561253
-1.222721
-1.2774557
-0.99277401
-1.0471724
-0.84822337
-1.2824867
-0.7707221
-0.71857222
-1.126584
-0.43954984
-1.1066911
-0.74573448
-0.82900712
-1.2392028
-0.9026297
-0.98013964
-1.2645728
-0.60543409
-0.25262416
-0.83121504
-1.1704171
-1.1809539
-0.9446156
-1.210065
-1.1957657
-1.318456
-1.444813
-1.0847071
-0.4187185
-1.3210645
-1.3421815
-0.93721303
-0.82733415
-0.81553453
-1.2934996
-1.0321544
-0.87264151
-0.70123817
-1.4945405
-1.3876972
-1.2244773
-1.0668686
-0.83606817
-1.3059387
