-1.1680351
-1.4271692
-1.3504513
-0.78319381
-1.4822424
-0.85291185
-1.4938831
-1.1652938
-1.068675
-1.3773095
-1.1677002
-1.1162234
-1.2350706
-1.2094464
-1.2473152
-0.33302094
-1.4120949
-1.1294849
-0.9894259
-1.4223243
-1.1674124
-1.6649175
-1.211618
-1.269446
-1.155002
-1.3195584
-1.3281012
-1.1960888
-1.1691613
-1.2335094
-1.268939
-1.1370055
-1.0854451
-0.91202305
0.41411915
-0.97940821
-1.2883992
-1.3290983
-1.0436096
0.92540415
-1.1292855
-1.1704807
-1.3690254
-1.0218917
-0.47898175
-0.97377093
-1.0892049
-1.2630667
-1.0392119
-1.291156
-1.3940865
0.55263151
-1.1495579
-1.1022875
-0.87380896
-1.4343121
-1.2875586
-1.1117452
-1.3365343
-1.1556954
-1.1348491
-1.188839
-1.3962044
-1.2969241
-1.0797855
-1.0796673
-1.1682666
-0.85709794
-1.264307
-1.1372328
-1.1849704
-1.1565272
-1.3766312
-1.3898791
-1.3756887
-1.3585913
-0.77417085
-0.85944837
-1.2666779
-1.3141251
-0.91754623
-1.0179346
-1.3068867
-0.97941564
-1.3170304
-1.1879918
-0.94233186
-0.98811822
-1.1720901
-0.89735752
-1.1691379
-1.4206919
-1.0885739
-1.2431182
-1.1246855
-1.2173076
-1.0344992
-1.3375255
-1.372138
-1.3527555
-0.89702106
0.15693085
-1.2648156
-1.2600915
-1.360676
-1.3122294
-1.3077705
-0.90691813
-1.4730195
-1.2505321
-1.304322
-1.0189786
-1.1705814
-1.1320741
-1.2350279
2.4139336
-1.0354908
-1.1023637
-1.2270833
-1.2579494
-0.88203233
-1.375667
-1.0931765
-0.9166251
-1.109021
-1.1125169
-0.90363091
-0.93579328
-1.1909281
-1.2429138
-1.3723184
-1.1935337
-0.9644942
-1.4566332
-1.066015
-1.152469
-1.0754269
-1.3005263
-1.0649591
-1.5754163
-1.0179918
-0.99851783
-1.0040003
-1.4721959
-0.95523598
-1.418111
-1.1451548
-1.2682311
-1.1331314
-1.3061033
0.43864724
-0.90059172
-0.84411688
-1.173655
-1.1704792
-1.1767386
-1.1443317
-1.3765077
-1.4753698
-1.1061537
-1.1393909
-1.5600232
-1.1118276
-1.2173312
-1.0095833
-1.5154823
-1.1345399
-1.3843253
-0.85904192
-1.2785531
-0.91789373
-1.2530071
-0.51375568
-1.3718533
-0.90283615
-1.0813482
-1.0087993
-0.9061253
-1.22574
-1.1990509
-0.96491975
-1.2191382
-1.2172724
-1.1905575
-1.2492957
-1.3753973
-1.0233032
-0.68165673
-1.3202334
-1.4151045
-1.210246
-1.3179999
-1.333309
-0.80903612
-0.96879127
-1.1661524
-1.3959596
-0.9918458
-0.22071114
-1.0025053
-1.4431497
-1.1343625
-1.0806445
-0.54201259
-1.0737824
-1.1547543
-1.2036703
-1.1409706
-1.2403747
-1.0291309
-1.3413509
-1.1946409
-1.1805223
-1.1218591
0.56808511
-1.2669556
-0.93964933
-1.3326681
-0.71750561
-1.0489383
-1.1629243
-1.4035498
-1.2194419
-1.3197096
-1.199537
-0.91691961
-1.257878
-1.1944381
-1.0995541
-1.1666156
-1.0303697
-1.1341312
-1.1969874
-1.1391426
-1.1151071
-1.2776629
-1.0930393
-1.0070973
-1.0810184
-1.1471021
-0.92403098
-1.2251348
-1.1304909
-1.2542524
-1.3127517
-1.5894415
-0.87444764
-1.4014951
-1.0842617
-1.1638557
-1.2329015
-1.2503576
-1.6852543
-1.2644332
-1.1646779
-0.90457113
-1.131587
-1.2453364
-1.2023492
-1.0829237
-1.3658559
-1.2164227
-1.222857
-0.97387497
-1.1809506
1.1697443
-1.2119551
-1.1700799
-1.1068086
-1.1610347
-0.57671367
-1.4839514
-0.92244376
-1.4588472
-1.0637576
-1.4208001
-1.0296595
-1.2882044
-1.1411428
-1.3728941
-1.0779184
-1.0466735
-0.90596715
-1.1420448
-1.3417269
-1.1546935
-0.77106945
-1.2671912
-0.99286654
-1.1668836
-1.1544587
-1.2451305
-1.0867467
-1.2670696
-1.5224068
-0.41439851
-1.4104211
-1.3919522
-1.1622164
-0.89760937
-1.1551974
-1.3963266
-1.2107729
-1.465584
-1.1727604
-1.0465858
-0.6153573
-0.81924157
-0.76792102
-1.1934797
-1.3317396
0.81561064
-1.1027618
-1.1419044
-0.9371999
-1.1226474
-1.3811845
-1.5143081
-1.3773452
-1.2768347
-1.4379478
-0.92819999
-1.1912643
-1.308376
-1.2159796
-1.2044157
-0.91807671
-1.2408312
-1.1778914
-1.2783641
-1.2975003
-1.4499363
-1.2308069
-1.1968563
-1.1893899
-1.164582
-1.3429189
-0.93196662
-1.0502065
-1.2306532
-0.3687678
-1.1725453
-1.0433942
-1.2451414
-1.0403954
-1.5039401
-1.3213913
-1.2237067
-1.1911368
-1.5429099
-1.0818889
-1.2890502
-0.83783238
-1.0057022
-1.3699876
1.7042099
-1.0674274
-1.4768646
-1.2196693
-1.0848256
-1.4909016
-1.2187683
-1.3028192
-1.2064625
-1.2602587
-1.4745251
-1.3039611
-1.2662155
-1.1831422
-1.197486
-1.5182802
-1.237082
-1.3935449
-1.1436828
-1.2153833
-1.3574281
-1.1184666
-1.0988581
-1.2164299
-1.2919743
-1.1710041
-1.1933702
-1.0419617
-1.3877114
-1.0983084
-1.0741326
0.73284466
-1.0085274
-1.3640617
-1.3101362
-0.93293568
-0.94914408
-1.0792671
-1.1004174
0.62874138
-1.0487223
-1.3331663
-1.4050447
-1.4122849
-1.2913731
-1.7140208
-0.78588211
-1.1363507
-1.3576794
-1.0628651
-1.0431432
-1.0198594
-1.156482
-1.3249005
-1.1008918
-1.0046652
-0.73005935
-1.0196733
-1.2588469
-1.2309765
-1.1796887
-1.0344893
-1.8436366
-1.1967976
-1.293148
-1.065698
-0.99247943
-1.023045
-1.0731028
-1.1255304
-1.1977759
-1.0074025
-1.3648396
-0.93112688
-1.1105828
-0.90328686
-1.6093853
-0.92593279
-1.5502057
-0.94884775
-1.1365526
-1.3844673
-1.1821141
-1.0406206
-1.3449398
-0.98989612
-1.3284455
-0.87542721
-1.0354302
-1.2151584
-0.73525488
-1.1673676
-1.0101236
-1.1248477
0.44270822
-1.1298656
-1.2427496
-1.0852809
-0.99620568
-1.037996
-0.66836417
-1.0586333
-1.0019867
-1.250494
-1.0920419
-1.1684811
-1.0538381
-1.0000151
0.37341355
-0.98601305
-1.2344268
-0.93734465
-0.83572694
-1.3194377
-1.0963383
-1.0075532
-1.2706728
-0.91308938
-1.1213981
-1.2183234
-1.0429276
-1.041745
-1.2811454
-1.1929392
-1.3547505
-1.2425297
-1.3164686
-0.99805984
-0.97229393
-0.97488528
-1.2870712
-1.2169776
-1.1438214
-0.70718113
-1.1065234
-1.4662165
-1.0961811
-0.9554709
-1.2171696
-1.1452451
-1.1540261
-1.0650185
-1.2777771
-1.0739211
-1.136129
-1.1044452
-1.1297459
-1.2196228
-1.4887646
-1.1724291
-1.1562937
-1.2838385
-0.77701132
-1.2422394
-1.1176656
-1.5433651
-1.3999173
-1.3834908
-1.1455544
-1.2009731
-1.0708972
-1.21004
-0.98058669
-0.98798637
-1.1198909
-1.2669841
-1.2821569
-0.77001517
-0.69383639
-1.2085666
-1.0860053
-1.1916231
-1.0292466
-1.2221951
-1.328193
-0.84353189
-1.1811534
-1.0203554
-1.5832423
-0.78744684
-1.559292
-1.2430382
-1.2229671
-1.1783931
-1.2024967
-1.2355643
-0.98942842
-0.97563969
-0.72506009
-1.1404576
-1.3614037
-1.4369512
-0.91105025
-1.3432832
-1.1565223
-1.2739536
-0.7468648
-1.1794374
-1.2782935
-1.0475518
0.038617937
-1.4384874
-0.87597463
-1.2078237
-1.0895541
-0.99633542
-1.0806313
-0.78876654
-1.2215568
-1.1495541
-1.2558305
-1.3492551
-1.0811157
-1.5384266
-1.3177657
-1.343323
-0.90415148
-1.0825563
-0.70040953
-1.0699717
-1.2692909
-1.0977921
-1.2149352
-1.1669423
-0.98592441
-0.7611351
-1.1200517
-1.0757929
-1.0898723
-1.1674319
-1.0805274
-1.2547249
-1.4919809
-0.096963382
-1.2338159
-0.93080485
-0.93237081
-1.2050879
-1.3062089
-0.80908412
-1.2602441
-1.2477753
-1.2045367
-0.94763593
-1.2606313
-0.9764182
-1.2531177
-1.256506
-0.94368522
-1.2930397
-1.0371465
-0.90366409
-1.0543176
-0.99925901
-1.1353875
-1.4373588
-0.85337191
-1.3165329
-1.2114631
-1.5238676
-1.2898296
-1.340441
-1.2499739
-1.1954605
-1.3258625
-1.3512848
-1.1342077
-1.4184985
-1.0776249
-0.83844298
-1.1470557
-1.268203
-1.683185
-0.70913198
-1.1486793
-1.1442574
-0.10298844
-0.90613439
-1.2674477
-1.3575846
-1.3734706
-1.1078371
-1.3202908
-1.1497749
-1.1484006
-1.0387682
-1.3020042
-1.3128069
-1.1043578
-0.71970912
-1.1061316
-1.0829727
-1.4035785
-0.92281033
-1.1142688
-0.7232445
-0.43413587
-1.5898749
-1.4238366
-1.0567457
-1.3624827
-1.0876515
-1.2605683
-1.2676057
-1.2672131
-1.0150926
-0.89017701
-0.9102043
-1.2570878
-1.1699247
-1.3338348
-1.2956417
-1.261351
-1.2582119
-1.0395188
-1.3685248
-0.95880738
-0.92347029
-1.393962
-1.5548737
-0.96681602
0.9734101
-1.1904892
-1.2308152
-1.1307328
-1.2461728
-1.40899
-1.1944009
-0.057583752
-1.1929742
-1.3749183
1.6411263
-1.4556527
-1.2054386
-1.0852909
-1.1462413
-1.1479996
-0.99961012
-1.3921318
-1.3482866
-1.0624147
-1.1454244
-1.626445
-1.3647226
-1.0389036
-1.1555879
-0.79118817
0.33044292
-1.0781021
-1.6980545
-1.5342512
-1.1360266
-1.2061528
0.94079383
-1.1836904
-1.3629992
-1.3583274
-1.1455066
-0.99376172
-1.0867444
-1.2765963
-1.397465
-1.2259407
-1.0334814
-0.90539566
-0.77907209
-1.1895669
-0.88246519
-1.0035263
-1.2529923
-1.1538767
-1.0776747
-0.68222732
-1.2544786
-1.2402387
-1.6972169
-1.3206461
-1.0259977
-1.0892178
0.64489838
-1.2840407
-0.82714062
-0.99243643
-1.5524055
-1.2891836
-1.194703
-1.3344098
-1.0090316
-0.95691454
-1.4581085
-1.1424833
-1.1062117
-1.3482865
-0.85067973
-1.3008002
-1.4940487
-1.1215466
-1.1918728
-1.1533712
-1.1272286
-1.0198423
-1.0865267
-1.1213214
-1.0825727
-0.99932462
-1.4157305
-0.045108152
-1.197477
-1.3166476
-0.90350005
0.46627362
-1.1786275
-0.65776102
-1.0726263
-1.0700519
-1.1940276
-1.1920426
-1.0640091
-1.0046995
-1.130929
-1.0400241
-0.67209942
-1.1333879
-1.3030502
-0.97911876
-1.1977515
0.94089829
-1.2682937
-0.95970503
-1.0928787
-1.282767
-1.2329481
-1.0908091
-0.64513338
-1.6310875
-0.26570328
-1.5114677
-1.3626087
-1.232404
-1.2291405
-0.87032711
-0.37127982
-1.025492
-1.0415358
-1.3465552
-1.0350807
-1.2138675
-1.1071341
-1.1262803
1.3764692
-1.3963803
-1.1933035
-0.97329482
-1.1697005
-1.3727937
-1.1312579
-1.0769035
-0.91071282
-1.0943789
-1.3410578
-1.2129777
-1.2989996
-0.91984577
-1.2913297
-1.1781939
-0.96076073
-0.97285741
-1.2109461
-1.2032891
-1.1829566
-1.3748529
-1.0933841
-1.2358655
-1.332457
-1.3926278
-1.2063959
-1.1082542
-1.424219
-1.340577
-0.74142228
0.38723235
-0.8390067
-1.3188244
-1.2762361
-0.95815391
-1.0631594
-1.5329207
-1.0936776
-1.2504599
-1.4153467
-1.2287911
-1.4384118
-1.3824982
-1.1097882
-0.1560077
-1.4671048
-0.99572747
-1.0164187
-1.1504432
-1.1178824
-1.2104512
-1.0232407
-0.89147993
-1.318039
-0.85174043
-1.2542801
-1.2291492
-1.2071608
-0.88319765
-1.0939055
-0.30736697
-1.0414487
-1.2695969
-0.83891176
-1.207551
-0.88809979
-1.0588528
-1.2251693
-1.337026
-1.0650089
-1.0831354
-1.2053405
-1.4514338
-1.1834304
-1.3527776
-0.97112194
-1.2941178
-1.5459962
-1.2911923
-1.2374105
-1.0565488
-1.123134
-1.128088
-1.3681228
-1.0985541
-1.2741903
-1.1337091
-0.95089447
-1.2632378
-1.0948144
-0.86773137
-1.3188467
-1.4395296
-1.3207558
-1.2546942
-1.1387646
-0.99133283
-0.82607458
-1.4198737
-1.2505413
-0.95331978
-1.2355306
-0.7149208
-0.84132289
-1.0716665
-1.4033485
-0.77692862
-1.4047406
-1.0156616
-1.280555
-1.0455859
-1.1325299
-1.3009995
-1.3954153
-0.83564698
-1.2455863
-1.2642331
-1.1601585
-1.0750637
-1.3186945
-0.84435553
-0.92878984
-1.0482659
1.241016
-1.2823155
-1.0978158
-1.084439
-1.1888169
-1.1799791
-1.1004437
-1.0028023
-1.3450161
-1.3875799
-1.0859106
-1.0204052
-1.6127352
-1.3318967
-1.1616491
-1.0288597
-1.0292108
-1.2744267
-1.1193779
-1.0074493
-1.1348019
-1.1345876
-1.1701348
-1.3531377
-0.87290174
-1.1078674
-1.2269905
-1.2362431
-1.2119321
-1.5768435
-1.2468939
-0.73044713
-1.0161045
-1.190373
-0.91457841
-1.3605847
-0.68052566
-0.61325565
-1.1344124
-1.387851
-1.1274493
-0.98390935
-1.026549
-1.1070608
-0.62640562
-1.1337932
-1.424084
-0.98660189
-1.0526849
-1.1638256
-1.3170111
1.2076903
-1.164913
0.56180233
-0.92978312
-0.89899589
-1.3513871
-0.88524764
-1.1975752
-1.2993644
-1.2443193
-1.2010863
-1.4641276
-1.0397032
-1.4179403
-1.1755954
-1.4627229
-1.1476815
-0.83787306
-1.1488199
-1.0750678
-1.1314248
-1.1878852
-1.0744484
-1.1384938
-1.1034677
-1.2655247
-1.029302
-0.96381359
-1.2119185
-1.2985876
-1.3678895
-1.2963161
-1.2920819
-1.4146829
-0.9588791
-1.1737388
-1.2433574
-1.1054241
-0.77874169
-1.1329051
-0.96022746
-1.3549842
1.0386491
-1.3706627
-0.37099249
-1.2522807
-1.3733313
2.1020661
-0.99629619
-1.109766
-1.2619903
-0.99743674
-1.4616957
-1.0130241
-1.2039837
-1.2077158
-0.64006725
-1.3310656
-1.0226686
-0.92978239
-0.90549182
-1.1399002
-0.87798775
0.7519929
-0.7108766
-1.3277451
-1.0490933
0.040566374
-0.91441657
-1.0802243
-1.0050353
-1.1548641
-1.4033584
-1.0754965
-0.56425545
-1.1088955
-1.3049685
-1.2978135
-1.2014015
-1.2451688
-0.65870793
-1.1158617
-1.130504
-1.108615
-1.0227635
-1.2110302
-0.29410117
-1.2219957
-1.3397885
-1.3873267
-1.5632688
-0.86757819
-0.95794135
-1.3295636
-0.81543753
-1.0126886
-1.1004975
-1.150302
-1.2126156
-1.1399416
-1.2646111
-1.1802369
-1.2791817
-1.1094326
-1.0818341
-1.1310567
-1.1168805
-1.1019418
-1.637786
-1.2347973
-1.3005735
-1.0731924
-1.0457606
-0.85111088
-1.0124749
-1.0873387
-1.0026036
-1.5150673
-1.1364362
-1.354428
-1.1824416
-1.2049786
-1.1557127
0.22436055
-1.2002778
-1.3322534
-0.96099161
-1.0794042
-1.0590013
-1.3854537
-1.373119
-1.0902642
-1.2207726
-1.0354505
-1.051429
-1.2427167
-1.2999074
-1.3245041
-1.4262456
-1.1196119
-1.23503
-1.0876798
-1.4058407
-0.9487655
-1.4267571
-0.97678726
-1.1599334
-0.80139364
-1.2060406
-1.1766136
-1.1783736
-1.3200143
-1.2777906
-1.1299006
-1.2459074
-1.5378933
-0.051721719
-1.6005996
-0.94231972
-1.0641928
-1.2393211
-1.2517453
-0.90463087
-1.1363679
-0.81557941
-1.1627276
-0.94866357
-1.0571521
-1.2861124
-0.91651273
-0.98262726
-1.0589485
-1.2041553
-1.1277699
-1.3042927
-1.0850464
-1.2736668
-1.3805503
-0.96864613
-1.3220571
0.24832194
-1.345526
-1.2166122
-1.3073307
-1.203478
-0.43177627
-1.3017785
-1.1655625
-0.13301183
1.3944489
-1.4379102
-1.2727076
-1.1475552
-1.0856797
1.5671609
-1.1370937
-1.1922965
-1.016285
-0.95623997
-1.1624614
-1.4336502
-1.2210276
-1.3899256
-1.1352536
-1.443726
-1.4076911
-0.70801903
-0.91531918
-1.1722472
-1.1734031
-1.0506502
-1.1105302
-1.4318992
-1.1483714
-1.3469504
-1.3447333
-1.3665279
-1.2023146
1.387796
-1.213083
-1.2323521
-1.1335914
-1.202558
-0.77110137
-0.90036276
-1.4223361
-1.077729
-1.0624103
-1.1859858
-1.306985
-1.4794344
-0.95105433
-1.1779308
-1.0199471
-1.3307258
-1.4260562
-1.2941655
-1.0198407
-1.3698809
-1.218544
0.13332913
-0.99727693
-1.263666
-1.2450346
-1.3458222
-1.0428927
-1.4831993
-1.0308224
-1.1144366
-0.94703335
-1.2167197
-1.1944603
-1.2752017
-1.5453937
-1.2223886
-1.1556807
-0.85566307
-1.0664192
-1.2853219
-1.2368192
-1.2330783
-1.3387339
-1.0076544
-1.4271515
-1.5317372
-1.1172036
-1.2771232
-1.3316029
-1.3899818
-1.1758192
-1.0862835
-1.2027356
-1.483124
-1.2845825
-1.0580429
-1.1544722
-1.3153045
-0.70912941
-0.97892801
-0.82684987
-1.2265866
-1.1407983
-1.2407259
-1.1112639
-0.93599756
-1.232778
-1.1349915
-0.9957901
-1.0173114
-1.021476
-1.2628437
-0.70257096
-1.0753494
-1.0461355
-0.94491756
-1.0053373
-0.85398816
-1.1807819
-1.0072209
-1.4857346
-1.3055072
-0.96419995
-0.61999823
-1.2278258
-1.343459
-1.1862164
-1.0466335
-1.4737
-1.1553042
-1.297517
-1.4375796
-0.81752492
-1.6130217
-1.0680577
-1.0654864
-1.1900592
-1.1908021
-1.5431126
-1.3276856
-0.81513453
-0.90580985
-1.2095538
-1.4237463
-0.96278568
-0.77810021
-1.4509468
-1.0363165
-1.0190941
0.35666069
-0.87928314
-0.15472627
-1.0230892
-1.1468274
-1.2037023
-1.4973983
-1.0844297
-1.3259048
-0.95590783
-1.230408
-1.1175755
-1.3001495
-0.9295541
-1.1523875
-1.2107493
-0.99786853
-1.0317732
-1.0656575
-1.147534
-1.3564953
-1.2136158
-1.189324
-1.2584101
-1.161216
-1.0503952
-1.1540245
-1.1362058
-1.2489649
-1.1339463
-1.1446802
-0.83636839
-1.3644066
-1.1541781
-1.3190108
-1.296808
-1.43148
-0.66815518
-0.96236712
0.71064558
-1.3472541
-1.3207499
-1.3550455
-1.4460584
-1.2446622
-1.3387971
-1.161659
-1.4956401
-1.1104794
-1.2618921
-0.82396571
-1.378825
-1.2724381
-1.0711552
-1.2420193
-1.4462798
-1.2076251
-1.3904614
-1.0101591
-1.2778933
-1.2530929
-1.159925
-1.1965881
-0.95189279
-0.96283415
-1.2663513
-1.0488467
-1.017475
-0.98518691
-1.1403806
-1.0271353
-0.84621922
-1.3478682
-1.2040009
0.93605311
-1.4036707
-1.3600038
-1.1021934
-1.1160125
-1.154153
-1.0554217
-0.66498233
-1.0918133
-1.3781144
-1.2409008
-1.3307838
-1.2683236
-1.1105447
-0.80828916
-1.3702091
-1.3647163
-1.0753014
-1.2220807
-1.2029648
-1.2114937
-1.0113501
-1.2165068
-1.4920212
-0.93355599
-1.3683337
-0.98814117
-1.2115384
-1.2728242
-1.4429456
-1.1736363
-1.0282647
-0.99075484
-1.0952653
-1.0975718
-0.94681654
-0.81444109
-1.1913064
-1.2315805
-1.147257
-1.2078454
-1.2359241
-1.2968575
-1.1538819
-1.2791445
-1.4790329
-0.85997364
0.31653014
-1.4027748
-1.304105
0.036889599
