-1.3487286
-1.1539321
-0.87244772
-1.5501896
-1.1480605
-1.550792
-1.1771433
-1.0863064
-1.0560215
-1.6041618
-1.1844994
-0.9520389
0.51593688
-0.90239867
-1.079803
-1.4677197
-1.2911744
-0.84717
-1.0531008
-1.4303242
-1.5359192
-1.3747233
-1.349413
-0.88496504
-1.2514467
-1.4454868
-1.4253568
-1.6678289
-1.3673645
-1.2828071
-1.4795496
-1.3992203
-1.226829
-0.87832175
-1.5075418
-1.6443309
-1.1185665
-1.1799518
-1.2616336
-1.3813833
-1.4152948
0.81360184
-1.2557614
-1.1960601
0.17058619
-1.1253854
-1.1823111
-0.93726389
-1.1517584
-0.074931516
-1.2282799
-1.6437926
-1.5359827
-0.67103279
-1.254348
-0.99719551
-1.0959617
-1.2619422
-1.0666047
-0.90988266
-1.1391329
-1.5570166
-1.2292814
-1.0031493
-1.1734495
0.83475172
-1.3420288
-1.274935
-0.97304001
-1.2202235
-0.53851036
-1.245169
-1.4521394
-1.4966062
-1.2967912
-1.521197
-1.4179154
-1.1181995
0.35136702
-1.2595143
-1.1318734
-1.4791511
-1.5051711
-1.4258741
-0.34603767
-1.2141882
-1.4306684
-1.058746
-1.6730575
-1.2288577
-1.4754188
-1.1386378
-0.93604704
-0.89328275
-1.1024615
-1.2299224
-1.2866054
-0.92287971
-1.1578472
-1.8828477
-1.5045689
-1.4450288
-1.1597698
-0.97011073
-1.3894879
-1.4236134
-0.44765743
-1.3620047
-0.88784627
-1.2069848
0.76027494
-0.85524032
-1.1128197
-1.1369661
-0.56426206
-1.3030442
-1.2845672
-0.89254606
-1.4940763
-1.8151604
-1.9012568
-0.98609181
-1.0759668
-1.2483754
-1.1458929
-1.0892805
-1.5141343
-1.3678775
-0.80176071
-1.0992444
-1.2060569
-1.2055448
-1.2131545
-1.1048207
-1.0551009
-0.93688937
-1.1041592
-1.5568044
-1.0061843
-1.3289419
-1.2667154
-0.68479892
-1.3627467
-1.3233372
-0.50152066
-1.343194
-0.84952307
-0.37925774
-1.1314406
-0.74360358
-1.5014219
-1.1076865
-1.1379088
-1.0020649
-1.5583658
-1.378034
-1.1967369
-0.87052622
-0.70498265
0.90154425
-1.5757402
-1.8646464
-1.3935309
-1.0244898
-1.4069144
-0.99081232
-1.3538185
-1.0563422
-1.1458273
-1.4266828
-1.1568317
1.0996401
-1.3066244
-1.0930613
-0.44425158
-0.88300077
-1.2592279
-1.299268
-1.0044364
-1.4332501
-1.617146
-1.5903116
-0.9487928
-1.0214465
-0.96389532
-1.3565045
-0.95875479
-0.74889785
-1.4785327
-1.1915374
-1.3723328
-0.70115506
0.84752324
-0.21823452
-0.88139272
-1.3888626
-1.0010629
-1.1632999
-1.0780074
-0.95114272
-1.1843361
-0.99592001
-1.1860563
-1.0127766
-1.4589761
-0.99621863
-1.1449473
-1.1037887
-1.4921404
-0.81122269
-1.1269302
-1.3692899
-1.1350214
-1.0096879
-1.5801354
-1.5152995
-1.1741903
-1.2892782
-1.6291578
-0.32993527
-1.6018512
-0.35001776
-1.0948653
-0.0068335385
-0.55643609
-1.079522
-0.14350663
-1.2683859
-1.4014272
-1.175331
-1.4447314
-1.0432513
-1.2125298
-1.256136
-1.2359986
-0.94517618
-0.62869327
-1.1582435
-1.1665781
-1.0831383
-1.2071135
-1.4781925
-1.1877551
-0.84079154
-1.3117887
-1.621025
-0.83570102
-1.7354903
-1.010429
-0.86344953
-1.2217643
-0.78893774
-1.3069795
-1.1767272
-1.2047732
-1.175919
-1.5405299
0.029227213
-1.1064463
-1.6029512
-1.3523452
-0.98430648
-0.59671924
-1.0607538
-1.5728878
-1.7534321
-0.80813407
-1.1035598
-1.5717255
-0.76595904
-1.2374893
-1.3028564
-0.32728502
-0.666979
-0.98734904
-1.5181073
-1.036932
-1.1948298
-1.2018474
-1.568066
-0.95709755
-0.81682047
-0.87878034
-1.1092312
-1.3177041
-1.5461064
-1.2194587
-1.1321903
-0.71195478
-1.1433209
-1.5567672
-1.0228311
-1.2175147
-1.0475144
-1.4969504
-1.5164674
-1.3174577
-0.45017676
-1.1810472
-0.99391278
-1.0993184
-1.1649241
-1.5143864
-1.240989
0.66175595
-1.3405428
-1.2628444
-1.4766772
-0.82815296
-1.3193101
-1.4926112
-1.5036781
-1.4101
-0.76524681
-0.7776619
-1.5832619
-1.4265964
-1.2435814
-1.4269176
-0.94406118
-1.202883
0.19017825
-1.05339
-1.1254954
-1.6056059
-1.1420895
-1.2983191
-0.64113783
-1.4054898
-1.0010955
-0.30001041
-1.4649573
-1.3753217
-1.7964746
-1.0199006
-1.094378
-1.1803673
-1.0657048
-1.1984316
-1.4345701
-1.2906185
-1.1875563
-1.569882
-1.1995696
-1.1650335
-1.5676809
1.5339579
0.2166503
-0.99818733
0.41603681
-1.668208
-0.72012952
-1.2022256
-1.3623644
-0.8306636
-1.576162
-1.3839761
-1.0244684
-1.2337367
-1.2305919
-1.4018971
-1.5314426
-1.3220714
-1.097499
-0.82242532
-1.2621375
-1.2261571
-0.82495119
-1.4564768
-1.100894
-1.6941663
-0.11825339
-1.3092325
-1.1789138
0.28810799
-0.4345595
-1.7962143
-0.73740601
-1.2032331
-0.0073221668
-1.2760605
-1.1837194
-1.257401
-1.7300585
-1.250149
-1.8098825
-0.88866901
-1.3753937
-1.4821706
-1.3482259
-1.2273799
-1.0930673
-0.29665086
-0.97697323
-0.86439643
-1.4638562
-1.3158489
-1.3862112
-0.86172255
-0.96184298
-1.1979718
-1.3090476
-1.2974172
-1.3158944
-1.0072155
-0.9394048
-1.0848112
-1.1786794
-1.4016528
-1.2755214
-0.33250502
-1.3422344
-1.6610569
-0.87058824
-1.3424111
-1.2072135
-1.2514284
-2.1967481
-1.5466102
-0.6185671
-1.1327317
-0.38159293
-1.7833327
-1.0624299
-1.1270144
-1.8119239
-1.39371
-1.3484067
-1.1683084
-1.1795154
-0.85856257
-1.3657919
-1.2475026
-0.51777128
-1.1646645
-1.4803832
-1.4396907
0.21588385
-0.54259664
-1.5564443
-1.3012718
-1.1178501
0.23247264
-1.2422536
-1.2956754
-1.5534184
-1.3996042
-1.3045697
-0.99155265
-1.4092658
-0.3229881
-0.19441062
-1.0256575
-1.3498334
-1.2424418
-1.5805799
-0.31014009
-0.79666702
-0.41158687
-1.18432
-0.93284537
-1.2256287
-1.1264182
-1.0061877
-1.3043909
-0.97439959
-1.8903428
-1.0382968
2.2038211
-0.2227495
-1.0541228
-0.89472793
-1.4782135
-1.4402514
-1.3357339
-1.2029525
-1.5359679
-1.5141105
-1.2667389
-0.95515615
-1.2329603
-1.603586
-1.7289407
-1.5588852
-1.2141693
-1.2810233
-0.58182706
-1.3394036
-1.5620782
-1.1242629
0.60797066
-1.7464154
-0.29889223
-1.2284821
-1.5969892
-0.90319864
-2.1620598
-1.3060554
-1.552845
-1.1382254
-1.3279655
-1.136193
-1.4359795
-1.7705428
-0.90419091
-1.3968376
-0.52011286
-1.2081197
-1.2276789
-0.5743252
-1.0640072
-1.2373868
-1.3495073
-1.2742492
-0.6592035
-1.4464353
-1.7099795
-1.3001327
-1.2707838
-0.88704965
-1.3591377
-1.2203712
-1.5454294
-1.1826147
-1.2309897
-1.0897946
-1.2498926
-1.4597456
-1.3114211
-1.2964524
-0.92219175
-1.1961184
-0.86116555
-1.328889
-1.1945434
-1.6219526
-1.2842466
-1.0588413
-1.3311391
-1.0026788
-1.2556057
-1.3839555
-1.5070096
-1.4358272
-1.1113267
-1.2766989
-1.2880141
-1.4333735
-1.2894797
-1.1282552
-1.5036099
-1.1020147
-1.1501136
0.7777239
-1.3219994
-1.7526229
-0.93348568
-0.65823715
-1.1846107
-1.1100409
-1.041481
-1.3088067
-1.1413455
-1.167329
-1.5955926
-1.6038499
-1.2649677
-1.3724167
-1.378043
-1.260892
-1.4322522
-1.171272
-1.0243875
-1.2384083
-1.1299966
-1.0555599
-1.3114118
-1.5424203
-1.1498742
-1.2979631
-1.2472591
-1.2665332
-0.74851859
-1.651505
-1.0209579
-1.4062989
-0.71153081
-1.1864541
-1.2839038
-1.4520194
-1.6074197
-1.0497844
-0.69224642
-1.1550799
-1.1483312
-1.216985
-1.2326303
-0.4703039
-1.0234281
-1.3777649
-1.267347
-1.3541654
-0.32519519
-1.2578175
-1.0089745
-1.5323574
-1.2720984
-1.7893102
-1.2397145
-1.5402766
-1.1290579
-1.373982
-1.2637441
-1.158413
-1.1235495
-1.124352
-1.5269193
-1.144946
1.2386627
-0.46812699
-0.91866563
-1.4344507
-1.518311
-0.050436905
-1.6868444
-1.1471199
-0.35053234
-1.2037999
-0.53540461
-1.1528169
-0.86032457
-1.3228677
-1.052162
-1.53449
-1.5923615
-1.0615356
-1.2221186
0.56934763
-0.89989922
-0.058487127
-0.7641519
-1.4173696
-1.0237846
-1.1784893
-1.1300889
-1.4768896
-0.94603463
-1.6249368
-1.3726314
-1.0006587
-0.89943736
-1.331129
-1.2004034
-0.4007612
-1.1660261
-1.1653625
-1.7084959
-1.2713653
-0.38351595
-1.5086932
-1.1956026
-1.2584278
-1.6167174
-1.4905851
-1.2574766
-1.6894746
-1.119099
-1.1623045
-1.4851838
-1.1698511
0.56135635
-1.0407517
-1.2750979
-0.98439852
-0.87299213
-1.4430761
-1.5513854
-1.575904
-1.090156
-1.3411058
-1.1119629
-1.4313888
-1.1141576
-1.5515312
-0.96890522
-1.1514382
-1.3727478
-1.1513269
-0.56676365
-1.2915928
-0.98998381
-1.1106658
-1.2660009
-1.3955985
-1.393776
-1.1179388
-1.0635274
-1.7435282
-1.2299756
-1.158801
-0.5437311
-1.6172516
-1.3892805
-1.1817472
-1.684954
-1.4580028
-1.355125
-1.5762133
-1.4111198
-1.8308089
-1.4662816
-0.92198386
-1.8855004
-1.0448733
-1.5037804
-1.2187089
-1.3870271
-0.98992155
-1.0521152
-0.66442691
-1.0185205
-1.4476025
-1.0908226
-1.472731
-1.0927179
-1.2151134
-1.3475598
-1.4129613
-1.5484374
-1.3953247
0.15339383
-1.5597911
-1.4434413
-1.2381875
-1.5312927
-0.89951958
-1.1272051
-0.87442143
-1.0752849
-1.4027389
-0.38860487
-1.5329219
-1.0550124
-1.098185
-1.201407
-1.4324322
-1.5544129
-1.4315282
-1.8026735
-1.3578567
-0.54050681
-1.6505255
-1.2602078
-1.8379026
-1.1960659
-1.040674
-0.92531585
-1.1228838
-1.1966592
-1.0159847
-1.1530814
-2.1078042
-1.3155877
-1.3253005
-1.2573465
-1.6588396
-1.0838499
-1.0512451
-1.2732574
-1.2877503
-1.0769636
-1.3047016
-1.214261
-0.65400362
-1.1169806
-1.3376113
-0.92104708
-1.343524
-1.4274138
-1.2780107
-0.90228441
-1.4068227
-0.86929677
-1.5782406
-1.3699198
-1.2099671
-1.1682141
-1.2219057
-1.6298018
-1.3089836
-1.5780986
-0.78808767
-1.0499678
-1.2659631
-1.1088175
-1.1773954
-1.2793558
-1.3499841
-1.2688994
-0.84201999
-1.0222838
-1.140982
-1.3367299
-0.7920988
-1.9111706
0.85985071
-1.3256493
-1.2490589
-1.0165794
-1.5397995
-1.2871938
-1.1570186
-1.2804101
-0.99204889
1.7082447
-1.2005213
-1.1167193
-0.98977984
-1.1113567
-0.99436779
-1.1311235
-1.1793514
-1.1390755
-1.4334396
-1.2632216
-1.1785499
-1.3544996
-1.4329178
-1.5566645
-1.5200786
-0.82920479
-1.5257635
0.51162416
-1.3578733
-1.0745731
-1.422821
-1.0775213
-1.0986681
-1.2673335
-0.54417433
-0.4071415
-1.2168733
-1.2474423
-1.2338077
-0.87772038
-1.2687857
-1.4262102
-1.256512
-1.2855437
-1.6151039
-1.1580068
-1.3615807
-1.2896947
-0.061921565
-1.2059039
-1.3852964
-1.4419104
-1.0342196
-1.0723071
-1.4443935
-1.3514877
-1.7035059
-0.6635
-1.5065253
-0.45161487
-1.1061637
-1.2872559
-1.1374413
-1.2057661
-0.91793414
-1.3269412
-0.77248429
-1.3273982
-1.167948
-1.1826302
-1.4881651
0.81599862
-1.0391893
-1.3131928
-1.0359232
-0.66152544
-1.5704985
-1.0826338
-1.5975141
-1.0378342
-1.095038
-1.4674129
-0.80024977
-1.0683601
-1.2190108
-1.1785034
-0.65732846
-1.1813175
-1.514237
-0.068008075
-0.85064319
-1.1474276
-1.3689506
-1.279403
-0.1909858
-1.0276018
-0.720478
-1.8486588
-1.0945859
-1.4316913
0.05346412
-1.0231676
-0.99759542
-1.1822097
-1.094534
-1.2379525
-1.2600941
0.67587805
-0.86913056
-1.2523011
-0.98726807
-1.3339804
-0.6861217
0.78845242
-0.97622659
-1.5327282
-1.2583087
-1.6027006
-1.4225026
-0.98905749
-1.4674692
-1.4775587
-1.1056591
-1.1247162
-1.5581067
-1.2082337
-0.90233728
-1.3594031
-1.0909267
-1.2064888
-1.1772927
-0.66666513
-1.460012
-0.87596642
-0.97038506
-1.0418872
-1.1716257
-1.0623298
-0.72087094
-0.98781777
-0.97500812
-1.1301161
-0.79302295
-1.5571506
-1.4710432
-1.0959419
-1.564648
-0.78049863
-0.89221834
-0.89438572
0.34698395
-1.1694375
-1.0390393
-1.4718342
-1.3368112
-1.132812
-1.1649687
-1.0753032
-0.17468829
-0.92070465
-1.3436945
-1.2302654
-0.97599957
-1.3811191
-1.4458786
-1.3620293
-1.3165089
-1.5265811
-1.2256782
-0.77195711
-1.0784917
-1.1962939
-0.91707574
-1.145977
-1.5649995
-1.5846863
-1.3216211
-0.43312603
-1.0690422
-0.62519065
1.1731455
-1.3893835
-1.0701583
-1.6679461
-0.79678924
-0.8313629
-1.6747404
-1.7473605
-1.0141061
-1.3324634
-1.0688857
-1.4837369
-1.1946703
-0.86229167
0.31991204
-0.90849145
-1.1801298
-1.1124889
-1.1615343
-1.3474524
-1.1460433
-1.032754
-1.5596801
-1.2159023
-1.5034828
-1.05932
-1.0514129
-1.1726459
-1.2401313
-1.1287947
-1.0395154
-1.1758101
-0.31634063
-0.95000589
-1.1557359
-1.260079
-1.4843016
-0.89901883
-1.1576906
-1.1121633
-1.2568907
-1.4804961
-1.1252924
-1.3227921
-1.550305
-1.3869721
-1.4209116
-1.1306425
-1.2603237
-0.41965748
-1.3650137
-1.6304026
-1.3887345
-1.0628813
-0.91245936
-1.3489491
-1.4971596
-1.6542903
-1.2727487
-1.4585783
-1.1531587
-1.2450889
-1.3308349
-1.2214438
-1.215578
-1.5102729
-1.272142
-1.1463079
-1.3513077
-1.2035828
-1.232965
-0.93007991
0.4350955
-1.2526068
-1.658066
-0.84065498
-0.93796547
-0.66770422
-1.3336225
-1.1199807
-1.894989
-1.0152845
-1.5356705
-1.4237721
-1.3006062
-0.76646837
-0.81149203
-0.74713839
-0.68702288
-1.0830023
-1.036944
-1.3612652
-1.2376956
-1.1026915
0.45141831
-0.90273019
-1.2920255
-1.2437328
-0.98475447
-1.1741102
-1.6353288
-1.3786416
-1.2298595
-1.2796039
-1.1732286
-0.2962865
1.3585559
-1.5380956
-1.0806866
-1.2010541
-1.4771702
-1.4078078
-1.0130446
-1.1830061
-1.3902208
-1.1279026
-1.3281813
-1.3076426
-1.1588212
-1.3685628
-1.3570434
-1.0453476
-1.2194784
-1.1503736
-1.3880805
-1.7179279
-1.1930857
-0.8589207
-1.7003191
-1.0406929
-1.1992817
-0.70234965
-1.1768529
-1.4368692
-1.294697
-1.0353955
0.25342668
-0.92594156
-1.1212428
-1.5208458
0.095483863
-1.0996017
-1.1340938
-0.98936035
-1.0301479
0.26120989
-1.4672796
-1.4636738
-1.2288281
-1.0303942
-0.52279868
-1.248076
-1.3081335
-0.89768855
-1.2264081
-1.0461628
-0.70616887
-0.69460964
-1.3020389
-1.1676928
-1.2889373
-1.4311214
-1.03297
-1.1616955
-1.0988771
-1.3299758
-1.1232783
-1.2963452
-1.3550338
-1.0392663
-1.1882147
-1.325396
-1.2691656
-1.2742015
-0.6515417
-1.7373812
0.36823473
-0.69801248
-0.44007111
-1.5555398
-1.1116757
-0.79526044
-1.3669934
-1.0720371
-1.1562586
-1.2915885
-0.6895842
-1.3305183
-1.9632918
-1.2463165
-1.0548144
-1.1147557
-0.86369532
-1.5268739
-1.2940722
-0.71860955
-1.7210608
-1.0795648
-1.4459694
-1.3101987
-1.2578845
-1.6651499
-1.3968595
-1.3517244
-1.4089357
-0.69261721
-1.1206697
-1.2724452
-1.1246517
-1.0617788
-1.3763151
-0.22893741
-1.3596817
-0.85723994
-1.2089545
-1.2025811
-1.1855837
-0.85695669
-1.2566604
-0.3551486
-0.14184439
-1.4909583
-1.1609355
-1.1561962
-1.1008782
-1.2856567
-1.138096
-1.2336324
-0.82202562
-1.2466848
-1.2530872
-1.137133
-1.6902027
-1.3430569
-1.5869863
-0.69384956
-1.2058033
-1.1091692
-1.4054752
-1.4495178
-1.3901832
-1.4302159
-1.2232127
-1.587126
-1.1143153
-1.2413571
-1.1643434
-0.9462439
-1.6331808
-1.0457869
-1.1336455
-1.0289841
-0.041974429
-1.5862215
-1.1233285
-0.88647769
-1.1485721
-1.1221632
-1.3644765
-1.2578648
-1.3130905
-1.1000094
-0.96473119
-1.1582723
-1.074334
-1.1956337
-1.1527317
-1.1256605
-1.105359
-0.78778219
-1.3581537
-1.2740984
-1.162381
-1.2999964
-1.3519957
-1.0507801
-0.35131755
-1.3932101
-0.89907178
-1.4208889
-1.2601655
-1.301607
-0.92050912
-1.1195951
-1.3715883
-1.3280551
-1.5026101
-1.0449558
-1.1852694
-1.1006361
-1.1741392
-1.1629205
-1.3516089
-0.74031383
-1.2788994
-0.97019818
-1.1777965
-1.0742573
-1.3275588
-1.2243941
-1.2635719
-1.2482764
-0.83568951
-1.4584024
-1.3667303
-1.1696609
-1.0543688
-1.0010722
-1.4487709
-1.3529712
-1.2639033
-0.91925051
-1.2060971
-1.5861197
-0.5968412
-0.98665182
-1.0248111
-1.3855555
-1.4526491
0.15891813
-1.2665731
-1.0062962
-1.6907262
-1.1294078
-1.3068507
-1.1173046
-1.2283835
-0.86679087
-0.50201119
0.87120124
-1.6873495
-1.391604
-0.85324118
-1.376679
-1.0439915
-0.86119367
-1.2992153
-1.2659245
-1.1269254
-1.4548926
-0.87003118
-1.3042918
-1.5479913
-1.0170332
-0.90841309
-0.58949954
-1.0871514
-1.3439856
-1.595516
-1.0667128
-1.622487
-1.326369
-1.5108345
-0.91003014
-1.0121162
-1.0860677
-0.93767127
-1.2886805
-1.3030875
-1.4469296
-0.94582846
-1.5631868
-0.72861397
-1.3449324
-1.5416985
-1.293921
-1.3901058
-1.6145438
-1.3127546
-1.3338129
-0.77046237
-0.82656334
-1.3503608
-1.0670568
-1.1756366
-1.1355287
-0.92810376
-1.1521839
-1.2674724
-1.338262
-1.1290997
-1.5572686
-0.88444029
-1.9137729
-0.72919742
-1.1686475
-1.2131099
-1.0281449
-0.90584955
-1.0411645
-1.112755
-0.76458932
-0.6369429
-2.1404988
-1.7889095
-1.2300948
-1.2909451
-1.1617906
-0.92813697
-1.2918403
-1.0982897
-1.340967
-1.4239359
-1.5057674
-1.540477
-1.5537956
-1.2005241
-1.3379001
-1.290527
-1.2303209
-1.0868708
-1.157781
-1.2516106
-1.418482
-1.1832391
-1.0909805
-0.90176071
-1.2679309
-1.1383352
-1.0801235
-1.3553681
-0.83937425
-1.0327527
-1.4316788
-1.2172094
-1.2706061
-1.6972809
-1.0934676
-1.2436099
-1.2181562
-0.85484768
-0.84088049
-1.3809889
-0.78312891
-1.1587841
0.18683986
-1.5258957
-0.84656905
-1.1779539
-1.178378
-1.281837
-1.0716382
-1.0748528
-1.4202378
-0.28706126
-1.3609011
-1.2465355
