-1.1294307
-0.7912116
-0.28375459
-0.35361749
-1.1515812
-1.5145986
-0.97216446
-0.32258562
-0.72445711
-1.7277469
-1.1848173
-1.2577016
-1.3733609
-1.4004813
-1.0253244
-0.72703136
-1.0151993
-1.4660594
-0.44427864
0.74312161
-1.202763
-1.2864936
-1.361908
-0.95463381
-1.0356699
-1.0482778
-1.4739007
-0.95087344
-1.0732816
-1.180754
-1.049719
-1.06239
-0.48065025
-1.2204683
-0.79297426
-1.4396896
-1.3831492
-1.0862515
-1.2217146
-1.212529
-1.1037923
-1.4739017
-1.1680315
-1.2790396
-1.0512392
-1.2536267
-0.68405536
-0.97194277
-1.3730571
-1.1972415
-1.2576257
-1.116585
-1.1897184
-0.82428144
0.41392249
-1.2693924
-1.3675382
-1.2523555
-1.1798639
-1.0204151
-1.0064234
-1.5875813
-1.2768578
-0.89636911
-1.1342193
-0.92671446
-0.96746164
-0.74798447
-0.74532019
-1.36607
-1.4252826
-0.87094554
-1.2145489
-1.175561
-1.1787251
-1.4860917
-1.1631216
-0.99880618
-1.5748628
-1.5363473
-0.71014908
-1.3630698
-1.2096453
-1.5285205
-1.1136448
-0.66484572
-1.0179311
-1.0466348
-1.6022501
-1.1148863
-1.1487393
-1.1668334
-0.86333382
-1.2896892
-1.1116576
-0.81971881
-0.98459707
-0.98506344
-1.6228439
-1.4727171
-0.91978219
-0.8402211
-1.2328761
-1.1482533
-1.5658866
-0.915945
-0.99314383
-1.0702899
-1.1935148
-1.1853827
-1.5847641
-0.5657168
-1.1893616
-0.85309377
-1.1465573
-1.2047725
-1.037293
7.3182171e-05
-0.81627017
-1.2695978
-1.5509298
-0.80653157
-1.1122821
-0.8033335
-1.0351256
-1.2749514
-1.2102027
-0.69210818
-0.93753559
-1.5875732
-1.3532177
-0.89280332
0.35992102
-0.63950672
-1.5762504
-0.75071259
-1.1368816
-0.92767387
-1.6611722
-0.9399813
0.34607571
-1.0428468
-1.5766803
-1.5960384
-1.389167
-1.4202322
-1.5440439
-1.0228945
-1.0869866
-1.2421971
-0.85026559
-0.40278198
-0.66139529
-0.95066
-1.0765447
-1.0036976
-1.3384586
-1.5137767
-1.2140868
-1.4294361
-1.4581257
-1.7105836
-1.6317193
-0.61308639
-1.3119748
-1.249027
-1.1228341
-1.4347549
-0.82619273
-0.71591048
-0.69349906
-1.5922639
-0.80786197
0.84887295
-1.3575603
-1.2318258
-1.0546404
-1.1335922
-1.1775241
-1.2229351
-1.2392015
0.48954022
-0.60069159
-1.0124409
-1.2727572
-1.5286012
-1.2323763
-1.1326778
-1.0504998
-1.6496814
-1.0235314
-1.0616065
-1.5008264
-1.3756391
-0.88645171
-1.0729381
-1.4031453
-1.2904665
-1.677884
-1.0539179
-1.243977
-1.2036883
-0.79847978
-1.2672943
-1.0967762
-1.1136875
-1.1688685
-0.91907529
-1.3543539
-1.1603142
-1.5148591
-1.2007678
-1.221242
-1.1396317
-1.3701329
-1.0496205
-0.75723119
-0.10950492
-1.22057
-1.1262324
-1.3401909
-1.0410551
-1.0145124
-1.234654
-1.2033249
-1.5671002
-1.2520141
-1.102583
-1.1473417
-1.1589119
0.23851275
-0.62433891
-0.94255175
-1.0035096
-1.1950246
-1.0765642
-1.2853912
-0.84391814
-1.4475241
-0.95251439
0.18837113
-1.0300878
-0.99631915
-1.4052693
-1.238932
-1.080606
-1.5606835
-1.2236221
-1.2649465
-1.4534325
-0.12082593
-0.81921379
-0.86570477
-1.3415707
-1.2684502
-0.67731181
-1.3856194
-1.2400491
-0.76394787
-1.8191183
0.82120199
-1.5789035
-1.1143494
-1.8118524
-1.2091835
-1.3416125
-1.1221052
-1.1556768
-1.1899292
-0.72468542
-1.5912028
-1.0229334
-0.86744151
-0.93230076
-1.3323559
-1.2945458
-1.2370266
-1.3153934
-1.4138108
-1.3649742
-1.1383004
-1.3980174
-1.244079
-0.88496158
-1.2481256
-0.83447839
-1.0310159
-0.73189458
-1.2924176
-1.4665754
-1.5336692
-1.1460956
-0.99556985
-1.3832282
-0.87818147
-1.5393874
-1.6321618
-1.218646
-1.4848006
-1.1521464
-0.87876507
-1.662395
-1.0099913
-1.2850492
-1.814864
-0.060914335
0.12946452
-1.0957713
-1.7386794
-1.3956897
-1.1749744
-1.1378638
-1.2274323
-0.91191947
0.063828244
-1.434984
-0.98739413
-0.84858285
-1.1250079
-1.2052817
-1.3138653
-1.4628978
-1.1902258
-0.96382815
-1.4595058
-1.6489539
-0.9521224
-1.3168021
-0.79433669
-1.0028295
-1.3861648
-0.97517655
-0.89871223
-1.4691608
-1.2135865
-1.2897559
-1.1778258
-1.0863002
-1.3954349
-0.97078937
-1.2782543
-0.77476802
-1.5249562
-1.2739008
-0.55492855
-0.75138153
-1.6359082
-1.1390103
-1.3778224
-1.4633655
-1.112017
0.73368375
-0.9607608
-0.61525764
-1.147691
-1.585835
-1.4877119
-1.0445602
-1.0947183
-0.92875436
-0.6392805
-1.5865899
-1.1393015
-1.0855596
-1.2554391
-1.2498861
0.29748587
-1.3832566
-1.4584772
-1.1006022
-0.67891324
-1.2968405
-1.20827
-1.0705106
-1.5116749
-1.0160717
-1.5345959
-1.1724928
-1.1393978
-1.4197485
-0.78183892
-0.8259978
-1.3590917
-0.82114588
-1.2820509
-0.96001682
-1.2642131
-1.0657802
-1.2407993
-1.1995657
-0.8977376
-1.4088523
-1.5396706
-0.64551868
-1.3461689
-1.7768677
-1.5423584
-0.61486921
-1.4613494
-0.88274204
-1.1087745
-1.2398492
-1.3717791
-1.2016503
-1.7359934
-1.1999057
-0.97357819
-1.0159239
-1.1184077
-0.84452178
-1.44075
-1.0718538
-0.96541855
-1.1477093
-1.3422391
-1.2375328
-1.0599392
-1.6621307
-0.9993019
-1.0777442
-1.2842675
-1.270884
-1.2630328
-1.3556691
-1.2761046
-1.1955748
-1.3050211
-1.2692094
-1.1877961
-1.2683118
-0.6072734
-1.0581092
-1.0172715
-0.68176406
-0.44329874
-1.0254524
-0.96603114
-1.2042714
-1.2870489
-1.5281103
-0.46557113
-1.2826173
-1.1642171
-1.3752392
-0.081814059
-0.89524744
-1.3119895
-1.2058116
-1.0314996
-0.23923751
-1.2862232
-1.6309357
-1.1028229
-1.3792451
-1.3086539
-1.2936718
-1.2654732
-0.95304677
-1.7820068
-1.1327314
-1.0658057
-1.3605333
-1.1569772
-1.3103623
-0.59203354
-1.363294
-1.3553138
-0.94276312
-1.3791252
-0.99067454
-1.1020655
-1.3613112
-1.38729
-1.1831615
-1.4664088
-1.3322786
0.91924671
-1.1905307
-1.5182033
-1.8108015
-0.77955359
-1.3851622
-1.1840856
-1.0077024
-1.0266456
-0.86103099
-1.0394209
-1.1394794
-1.2904184
-1.1429609
-1.2291169
-1.3614693
-1.1516364
-1.239843
-1.1699337
-0.26416491
-1.4076026
-1.4626123
-0.71083956
-1.3626752
-1.323377
-0.99374013
-0.71903284
-1.4522399
-1.1873885
-1.1030348
-1.1427933
-0.90744524
-1.3258299
-1.13116
-1.1515643
-1.2523902
-0.92313512
-0.95539895
-1.7784141
-0.820723
-1.0792209
-1.2711969
-1.6638089
-1.1925175
-1.5027961
-1.2332114
-1.5625674
-1.1358575
-1.3050802
-1.1154557
-0.92959724
-1.0662229
-1.3200802
-0.96923846
-1.3474914
-0.65057464
-0.80674745
-1.2879672
-1.1919228
-1.5217798
-1.2644112
-1.3438511
-1.2425749
-1.1268736
-1.122591
-0.97508601
-1.1079644
1.2154753
-1.0710723
-1.3246253
-0.86603173
-1.0156735
-1.4361223
-1.1337462
-1.1226542
-0.75838553
-1.0347622
-1.162276
-0.99688776
-0.73503182
-1.0860278
-1.6242283
-0.96112696
-0.75344062
-1.300898
-1.2989592
-0.50980401
-1.5751074
-1.3583898
-1.2512218
-1.455717
-1.4331417
-1.2637835
-1.0476402
-1.1046651
-0.26470667
-1.2558101
-1.3737445
-1.0900919
-1.4085065
-1.4139559
-1.7615539
-1.050217
-1.4060711
0.004614004
-1.3855914
-1.4645246
-0.076732991
-1.1472556
-1.1949963
-1.0247022
-1.1112139
-1.3218192
-1.2239344
-1.2227959
-1.139457
-1.2590347
-1.2820465
-0.26317873
-1.0990898
-0.58695433
-1.0003705
-1.0264814
-1.1131478
-0.74946983
-1.015253
-1.3351005
-1.3264882
-1.1311691
0.48220405
-1.2203755
-1.8276581
-1.9198509
-1.1375691
-1.4327702
-0.95422517
-1.3541074
-1.5301221
-1.3575244
-1.1772139
-1.2388405
-0.82298399
-1.5970332
-1.3735094
-0.8856451
-1.7148683
-0.23599972
-1.4901104
-1.2342151
-1.261243
-1.1841772
-0.74662458
-1.0782613
-1.1785954
-1.150193
-1.3509572
-1.1832377
-1.4578679
-1.700437
0.31164273
-1.0340349
-1.3565624
-0.9983073
-1.0119183
-1.5640571
-1.3709504
-1.2154845
-0.96573268
-1.0982519
-1.199279
-1.0815889
-0.53953326
-1.0647754
-1.2206762
-1.4530894
-0.38161402
-0.77077186
-0.9193892
-1.6114347
-0.40255335
-1.253288
-1.1015187
-1.2769817
-1.0175915
-1.228141
-1.3402558
-1.0355108
-1.1275488
-1.1672481
-1.7316133
-1.1442375
-0.48800406
-2.0622809
-1.2837897
-1.1794468
-1.1110353
-1.0844243
-0.86668839
-0.83066734
-1.1615455
-1.5727395
-1.4883717
-1.3535364
0.98353225
-1.0917448
-1.2995612
-1.0079293
-0.81519615
-0.95681393
-1.5206149
-1.0765789
-1.4955742
-0.81030482
-0.95027409
-1.3470979
-1.1407016
0.21365003
-1.3189634
0.40459705
-1.1433469
-1.2063965
-1.0964609
-1.0864172
-0.29386539
-1.4951548
-1.1827896
-1.0074194
-1.2831253
-1.6970393
-1.3048383
-1.1974779
-1.0866567
-1.2716539
-1.3326716
-1.0248945
-1.1548479
-1.2305528
-1.0291402
-1.3201426
-1.5074573
-0.73854251
-0.85667172
-1.1829335
-1.1071434
-0.88472902
-0.81002286
-1.1366999
-1.014793
-0.98779499
-0.86542796
-0.99768582
-0.99440119
-1.2033061
-1.4395378
-1.0684982
-1.3292443
-1.1675418
-1.2098572
-0.85871421
-0.67368805
-1.2262722
-1.1353839
-1.2341276
-0.51011784
-1.4056585
1.128018
-1.4434807
-1.0243261
-1.0741705
-1.0707426
-0.81840564
-1.2840713
-1.1910751
-1.4032955
-1.4091755
-0.52872359
-1.3271071
-1.4954188
-1.0433778
-0.22325328
-1.0748347
-1.4613869
-1.1761959
-1.8403414
-1.3512205
-1.9466442
-0.85224366
-1.0156015
-0.05083104
-1.2234739
-1.1529374
-1.1376232
-1.5088578
-1.216814
-1.0547418
-1.4065637
-1.0295714
-1.1735254
-0.9698819
-1.1771785
0.24427786
-0.96738736
-0.66897457
-1.0549984
-1.6608977
-1.0094881
-1.3277538
-1.0486765
-0.82821463
-1.34953
-1.1398617
-1.4512868
-1.6002563
0.10056097
-0.30168847
-1.2542418
-1.2717071
-1.1769995
-1.1985423
-1.061569
-1.3053661
-1.1530518
-0.9172497
-1.142671
-1.1659884
-0.95789531
-1.2440598
-0.7071891
-1.2592449
-1.4220043
-0.86621277
-1.2753823
-1.0038884
-1.20162
-1.3876441
-1.0801207
-1.3302686
-1.4283486
-1.1540453
-0.85130995
-0.97064716
-0.57632864
-1.2707492
-1.3130515
-1.1578734
-1.1885982
-1.3330381
-1.5637308
-1.0540192
-1.2503556
-1.3869153
-1.3851267
-1.1025777
-1.3614848
-1.1862324
-1.0766662
-1.4961884
-1.0424831
-1.1563719
-1.68615
-0.92611946
-0.90583038
-1.4902202
-1.0010271
-1.102311
-1.6758941
-1.5550102
-0.82375774
-0.97346879
-0.62952487
-1.0643106
-0.99560653
-1.1779898
-0.89928166
-1.0548673
-1.4910641
-1.0790438
-1.2361178
-0.99172006
-1.016947
-1.4903671
-1.1034714
-1.1983955
-1.1642099
-1.5457822
-1.2927364
-0.96832384
-1.117585
-0.76799762
-0.98855787
-1.1357503
-1.1876245
-1.0873064
-1.5430632
-1.3922493
-1.0666621
-1.2404472
-1.0710671
-0.95932914
-0.92313529
-1.4744242
-0.82965391
-1.5430666
-0.94260975
-1.4353137
-1.3804002
-0.56961692
-1.2866905
-0.82346296
-1.3397776
-0.89414458
-1.0912757
-1.1192596
-1.3812855
-0.85383122
-1.1050705
-0.92880906
-1.3339306
-1.3645041
-1.3224767
-1.1108081
-1.2815281
-0.87807695
-1.0216564
-0.73013858
-1.1505778
-1.4562085
-0.89258169
-1.218428
-0.95088966
-1.299424
-1.3274649
-1.1675276
-0.76735943
-0.79397327
-1.3726399
-1.2172351
-0.9912163
-1.1881786
-1.0751792
-0.78023859
-1.1671466
-1.3891822
-0.93956153
-1.4271909
-1.2543366
-1.3068984
-0.76433705
-1.4701678
-0.19197785
-1.321633
-1.4571358
-1.6522601
-0.37890268
-1.1960268
-0.27553212
-0.79941321
-1.282192
-1.0172119
-0.73428348
-1.0606028
-1.396915
-1.3114028
-1.1656191
-1.2961697
0.10870258
-1.3029441
-1.1783512
-1.0470968
-0.30876078
-1.2278632
-1.0724543
-1.1488233
-1.4484201
-0.83949127
-1.184361
-0.82831239
-1.4679175
-0.75146624
-1.3151986
-1.0472845
-1.6806369
-0.56323589
-1.2646724
-1.2675913
-1.1080829
-1.0145817
-1.0358191
-1.3000066
-0.80785281
-1.3496547
-1.1404217
-1.2626698
-1.4836291
-1.0534417
-1.2534812
-0.65918069
-1.3083005
-0.94527414
-0.9672315
-1.2052427
-1.1740137
-1.3281832
-1.0929758
-1.2881933
-1.4050373
-1.2983486
-1.1704721
-0.39836376
-1.3656532
-1.1033691
-1.4365076
-1.5158384
-1.2079597
-1.2715627
-1.2921477
-1.3312794
-1.0628849
-1.524184
-1.1745782
-1.6298355
-1.6657887
-1.1373008
-1.1836752
-1.1641812
-1.4545151
-1.0744069
-1.7118467
-1.1936542
-1.1762198
-0.97610753
-1.0480687
-0.98918153
-1.4346904
-1.4203229
-1.3875068
-1.0700509
-1.0910571
-1.2898814
-1.2004186
-1.3645916
-1.0559115
-1.7372998
-0.92758712
-1.3268429
-1.3544714
-1.1689741
-1.1626394
-1.4051268
-1.0213047
-1.2795946
-1.2152368
-1.2382922
-1.3831526
-1.1296118
-1.01811
-0.93217796
-1.4689782
-1.1137601
-1.0521717
-1.1227126
-1.0983863
-1.0496551
-0.94054677
-1.4937873
-1.2691031
-1.5679269
-1.1248701
-1.4563277
-1.1093259
-0.28854897
-1.7089867
-0.99920573
-1.1571193
-0.96717781
-1.2789508
-1.5507791
-1.4737408
-0.92865461
-1.6447451
-1.2523699
-1.1361335
-1.090408
-0.99265017
-1.1015636
-0.61813565
-1.1766888
-1.2514769
-1.4640206
-0.84947224
-1.0321489
-1.1375813
-1.3186871
-1.4686549
-0.82455478
-1.1040883
-0.95330691
-0.7814082
-0.96932335
-0.86072977
-1.4733768
-1.0974996
-1.2552842
-1.6055156
-1.1714481
-1.2157483
-1.4711418
-1.1546007
-0.68293004
-1.4410321
-1.2378737
-1.379696
-1.2374816
-1.6674594
-1.0090093
-1.6153762
-1.18505
-1.0141632
-1.3820858
-0.99828279
-0.92060325
-1.7755994
-1.4852494
-1.4586045
-1.2006294
-1.4725852
-1.1222532
-1.2496703
-1.3066393
-1.1406982
-1.4317487
-1.3218608
-1.2080714
-1.0350387
-1.4697741
-1.3412632
-0.82552493
-1.1253134
-1.110758
-1.3771224
-1.3088776
-1.40308
-1.4258573
-0.93883745
-1.2713022
-1.1689588
-1.1780231
-1.217995
-1.5413639
-1.3455466
-1.2040343
-1.6279018
-1.1454241
-1.2554578
-1.3345937
-1.4895843
-1.6643509
-1.3637435
-1.5217382
-1.518064
-1.7140308
-1.4316141
-1.0619174
-1.0625891
-1.148275
-1.3167803
-0.60154639
-1.2633554
-1.1220258
-0.86579878
-1.3609825
0.55507443
-1.0160871
-0.94142641
-1.2741759
-1.04188
-1.3536025
-1.2494373
-1.1375425
-1.3152289
-1.3308273
-1.4610887
-1.0558634
-1.0857766
-0.16969472
-1.7402414
-1.4995924
-1.0192899
-1.281041
-1.4028398
-1.213151
-0.9478723
-0.96412112
-1.3441611
-1.4880543
-1.1298745
-0.80770642
-1.0792977
-1.2784001
0.049164527
-0.59526958
-0.89985293
-1.2896515
-1.3489689
-0.51520125
-1.7263725
-1.4287135
-1.196605
-1.4609672
-0.84850996
-1.1504061
-0.93504896
-1.0006127
-1.364316
-1.03729
-1.0088595
-1.1285538
-1.7426512
-0.9723804
-0.93214039
-0.94937008
-1.0605606
-1.3180646
-1.1993332
-1.3109733
-0.51317673
-1.3238585
-0.91894593
-1.2726594
-1.3965853
-0.79627767
-1.5857847
-1.4359493
-1.0082183
-1.1604938
-0.97223452
-1.4095614
-0.9178556
-1.3270038
-1.6202566
-1.1753244
-1.2797834
-0.74935877
-0.97316172
-1.9853776
-1.0291117
-0.026967795
-1.55775
-0.90517415
-0.87349883
-0.97017637
-1.0796652
0.10910733
-0.71113762
-0.94637252
-1.565361
-1.280708
-1.2421616
-1.2244369
-1.3262778
-1.1124047
-1.3181972
-1.0785537
-1.3433438
-0.77570291
-1.3742712
-1.0267844
-0.68446908
-1.1075926
-1.0062747
-0.79854244
-0.98344025
-1.0522373
-1.5615458
-0.73029843
-1.1114092
-0.74616671
-0.79115123
-1.1029187
-0.98592828
-0.97441703
-1.2652934
-1.3253795
-1.1790249
-0.98197097
-1.1532775
-1.6877102
-1.2343095
-1.0350411
0.64123209
-0.90031093
-0.83757647
-1.1601288
-0.95055551
-1.0940089
-1.0175238
-1.0207999
-1.1311125
-1.2802614
-1.1701331
-0.98089227
-0.91086143
-1.1004344
-0.84958653
-1.1931734
-1.5528557
-0.86289923
-1.0424423
-1.2371875
-1.1410849
-1.3769458
-1.1193785
-1.3836022
-0.8885828
-1.3491841
-0.82422945
-1.1315294
-1.1429215
-1.2981759
-0.96730309
-1.3666689
-1.0990995
-0.52122442
-1.2317971
-1.8102671
-1.2441013
-1.2380695
-1.1418928
-1.3426927
-0.18745508
-0.43915335
-1.2041567
0.73228392
-0.91307763
-1.3042705
-0.81844291
-1.2140527
-1.1147963
-1.3389612
-1.1373987
-1.2120297
-1.2559162
-1.1664335
-1.4405666
-0.9883495
-1.8495278
-1.1849953
-1.2173972
-0.79349892
-1.292679
-1.248728
-1.2581043
0.46008218
-1.4659472
-1.5968732
-1.1626587
-1.2266365
-1.4916276
-1.5282286
-0.78906502
-1.0260004
-1.2644371
-0.56202915
-1.150524
-1.3129748
-1.1122413
-1.0549126
-1.2789543
-1.0020966
-1.0391283
-1.520057
-1.1654189
-0.79940422
-0.98307647
-1.1955237
-1.0870726
-0.73532614
-0.93515331
-1.1182109
-1.0244855
-1.2255525
-0.012886669
-0.96190202
-1.7157013
-1.1677192
-1.2366457
-1.505064
0.44318002
-0.83498418
-1.15754
-1.0503019
-0.061511353
-1.4884298
-1.4504978
-1.4193694
-0.88153433
-0.91695209
-1.5027987
-0.95659463
-1.235247
-1.237799
-1.2585837
-1.5928456
-0.98893262
-1.8386416
-1.3519256
-1.2408389
0.21613177
-0.65386502
-1.3922432
-0.098639136
-0.86952888
-1.7979032
-1.2107959
-1.0734231
-1.4413655
-1.0293591
-1.1663457
-1.2489909
-0.86947967
-1.2339399
-1.3146919
-1.3300158
-1.2235029
-1.4310119
-1.2475023
-1.4111719
-0.9603202
-0.80536566
-1.4479185
-1.2940889
-1.0161135
-1.128667
-0.60172389
-0.67415934
-0.72282527
-1.141969
-1.3812689
-0.999283
-0.99282043
-0.74238759
-1.3545447
-1.3709968
-1.1050106
-1.3225495
-0.93929404
-1.2058492
-1.2427411
-1.2205218
-0.99999855
-1.1707575
-1.2551887
-1.4904714
-1.3450171
-1.3485327
-1.1794966
