-1.1209646
-1.0364905
-1.3687656
-1.0003109
-1.0676571
-1.3100964
-0.80994197
-1.4899661
-1.0268282
-0.099083567
-1.028631
-1.0783405
-1.1443056
-1.0983897
-1.3693902
-1.1388187
-1.6412179
-0.85168945
-1.2736893
-0.99485208
-0.067209623
-1.6311057
-1.3418553
-1.0847749
-1.3458226
-0.3440503
-0.8036788
-1.2506969
-0.82521672
-1.1561476
-1.1428385
-0.99008687
-0.99815535
-1.6145288
-1.545592
-0.9024307
-1.3532499
-1.2014628
-1.3821633
-1.3690834
-1.5983513
-1.0780126
-1.5630815
0.052814736
-1.2481269
-1.1214676
-0.59395745
-1.2254808
-0.97288315
-1.165444
-1.2868061
-1.461433
-0.9041769
-0.92290363
-0.91311082
-1.2698577
-0.6494091
-0.80171151
-1.2409018
-1.2562515
-1.1070529
-1.5191435
-1.2326291
-1.2104668
-1.1634009
-1.0799504
-1.3445039
-1.4894621
-1.5905596
-1.4183751
-1.547065
-0.64514375
0.33162242
-1.5491607
-1.2791293
-1.4928959
-1.0086671
-0.98392075
-1.5071758
-1.2857234
-1.0563148
-1.4849979
-1.3552544
0.73922752
-1.2319188
-1.101506
-1.5013211
-0.94157076
-0.18563037
-1.5787034
-1.5305125
-1.5163429
-0.95521737
-1.2019027
-1.4278241
-1.1042949
-0.43508308
-1.1319867
-0.31748656
-0.94035971
-1.0947931
-1.1941567
-0.50926866
-1.2254041
-1.7037844
0.13978213
-1.3828719
-1.1679745
-0.19412603
-1.1850982
-1.6152435
-1.0463883
-1.6278269
-1.1946714
-1.1783409
-1.7432328
-1.1746989
-1.3523466
-1.4202898
-0.90142152
-1.4275612
-1.10097
-1.4851593
-1.0825199
-0.95930229
-1.1898016
0.27398777
-1.1467024
-1.3360581
-1.4521568
-0.95723068
-1.1154403
-1.1346634
-1.3609002
-1.972698
0.80129139
-0.70122628
-1.3315082
-1.2183306
-1.3398404
-1.1208929
-1.1688086
-1.2549989
-1.7825611
-0.96237694
-1.1623977
-1.1602835
-1.241242
-1.083888
-1.2251975
-1.6267428
-0.81318743
-0.87804342
-1.3785134
-1.439398
-1.2836804
-1.6717146
-1.4844272
-1.092685
-1.3963401
-0.14627934
-0.57562777
-1.5377862
-0.93486415
-1.6098852
-1.339557
-0.7171579
-0.8498405
-0.9883575
-1.012269
-1.1966537
-1.362431
-0.87080045
-0.864478
-1.1092462
-0.9774134
-1.1850647
-0.88558396
-1.1155839
-0.86330915
-0.64556092
-1.1453909
-1.1551146
-1.0131802
-1.0206573
0.35758784
-1.0309373
-1.194495
1.0568583
-1.3463387
-1.1377504
-1.4107626
-0.8893379
-1.5342712
-1.3150528
-0.94483743
-1.5933058
0.2946231
-1.4012314
-1.3447918
-0.98961469
-1.4692995
-1.0540811
-1.5587255
-0.84183748
-1.1754709
-0.78855534
-1.2013186
-0.9549948
-1.2659168
-1.2893622
-1.12949
-0.76055281
-0.88745477
-1.430253
-0.99115687
-1.3221298
-1.251203
-0.96952659
-0.94167949
-1.6510227
-1.1397615
-1.2654038
-1.0745884
0.22876481
-1.3015904
-1.0179512
-1.5319161
-0.55788251
-1.0928403
-0.88276695
-0.84633992
-1.47436
-0.34015758
-0.70411108
-1.2897164
-0.81967828
-1.314891
-1.7098893
-1.3087785
-1.5270401
-0.98382953
-1.0618288
-1.0394478
-1.177612
-1.4246275
-1.3872426
-0.94973185
-0.71862732
-0.98072066
-1.4705465
-1.5074433
-1.3899704
-1.4548709
-0.41529828
-1.5055408
-0.26069171
-0.64735468
-1.1040595
-0.46296084
-1.371084
-1.3070448
-1.3577924
-1.512205
-1.1527
-1.5214544
-1.0461499
-1.1987592
-0.94702639
-1.0958359
-1.344564
-1.050182
-0.92091945
-1.1380628
-1.2270992
-1.3197775
-0.52061974
-0.54551219
-0.090115514
-1.5388884
-1.2971126
-1.1432473
-0.9854368
-1.3396819
-1.4733529
0.66361413
-0.95053193
-1.569156
-0.9800667
-0.76151189
-1.1004858
-1.5196059
-1.3645516
-1.2075635
0.40238847
-1.9265251
-0.26699333
-1.166604
-1.2677529
-1.1411895
-1.1814658
-1.6759357
-1.3283575
-1.310559
-1.4891213
-0.94485937
-1.0738815
-0.46005775
-1.888087
-0.93087656
-0.62534764
-1.298712
-1.2107981
-0.79135
-1.1291476
-0.79180606
-1.399085
-1.2197732
-1.0216487
-1.0958821
-1.2584516
-0.85163902
-1.4918071
-1.3364036
-0.99621929
-1.1721637
-1.0233307
-1.2688511
-1.0108338
-0.54140538
-1.1081093
-1.7106372
-1.2003646
-1.5851167
-1.3161671
-0.51914833
-1.3381269
-1.3416198
-1.4220532
-0.38447136
-1.4624784
-1.1979957
-1.7530262
-1.2429182
-1.123058
-1.1509255
-1.3514412
-0.96461959
-0.89446773
-1.3351118
-1.4357395
-1.1453172
-1.0376968
-0.62693677
-1.3599736
-1.4218271
-0.40976744
-1.1753177
-1.1099803
-1.1060177
-1.0855121
-1.5844081
-1.1077935
-1.108664
-1.6561723
-0.84056797
-0.93176105
-0.40081397
-1.2621972
1.0791265
-1.9221313
-0.96079995
-1.2207968
-1.1884594
-1.3522696
-1.7831625
-1.3440682
-0.1030742
-1.0411952
-1.1982625
-1.4505929
-1.0312273
-1.2690122
-0.142871
-1.2593015
-1.5739905
-1.1524091
-1.0156162
-1.4866767
-0.90814462
-0.98909581
-1.5004338
-1.3442093
-1.6958792
-1.4359549
-0.56086463
-0.99788241
-1.2299748
-1.2197494
-1.077294
0.11110207
-1.4891721
-1.4344769
-1.4258511
-1.4157328
-1.2480035
-0.73217373
-1.2960861
-1.2059781
-1.0580065
-1.2765652
-0.86436772
-0.039314136
-0.74247242
-1.0137729
-0.93800245
-0.93682543
-2.1489926
-1.5151037
-0.7072628
-0.75481891
-1.1020689
-1.7466548
-1.6301139
-1.5914511
-1.3440873
-0.62903722
-1.3402776
-1.7172921
-1.0556526
-0.9476257
-1.4009599
-1.2139124
-1.0918712
-1.1290176
-0.9925912
-1.2967266
-1.4809647
-1.4469961
-1.3175994
-1.1871512
-0.83517192
-1.4587648
-1.2455642
-1.2269551
-1.1020023
-1.7790866
-1.3037065
-0.75254607
-1.5103521
-1.5446565
-0.78762762
-0.85272639
1.0505817
-0.83570529
-1.116917
-1.2871368
-1.189234
-1.0440104
-0.76500721
-1.0122577
-0.94907578
-1.0239917
-1.9483392
-1.4236127
-1.3544348
-1.0603146
-0.98774641
-1.9152708
-1.1269005
-1.2051162
-1.1133276
-1.2357312
-0.59132105
-1.354485
-1.7558269
-1.259938
-0.89813484
-1.3045054
-1.8062983
-1.1771414
-1.6624041
-1.3739131
-1.1122762
-0.88380769
-0.54134741
-1.3638982
-1.0112464
-0.92205656
-0.63677845
-0.98752796
-1.1199215
-1.3361396
-0.79699394
-0.078671987
-0.84668601
-1.1690984
-1.046622
-1.3818791
0.11392772
-1.2620501
-1.1412452
-1.2663461
-0.80142872
-0.67235332
-1.3064874
-1.1344807
-1.1801477
-1.3452414
-1.1826656
-0.9253106
-1.3249707
-1.2014857
-1.3723256
-1.5802009
-1.3310677
-1.2441563
0.58016195
0.026518346
-1.1752623
-1.5071252
0.55967045
-0.86788529
-1.0116886
-0.893615
-1.1070445
-0.74460524
-1.450645
-1.145501
-0.67628841
-0.63413203
-1.1523469
-1.3897732
1.5463592
-0.68958192
-0.16682826
-1.1298786
-1.4154178
-1.1944468
-0.54793166
-0.59291905
-0.85278014
-1.4066471
-1.4580004
-1.3825056
0.47970353
-1.0617304
-0.79922137
-0.62172094
-1.2681299
-1.4635827
-0.91672879
0.3195823
-1.2589317
-1.0034196
-1.4543124
-0.71434664
-1.5409958
-0.98691584
-1.3273743
-1.3422086
-1.0274786
-1.3809138
-1.0599519
-1.3924189
1.0024973
-1.7539703
-1.1468278
-1.4243347
-1.5154873
-0.97208246
-1.3059879
-1.2447783
-1.1783478
-1.0859047
-1.1106803
-1.2473567
-1.5250647
-0.034817211
-0.73134212
-1.5447477
-0.57091632
-1.6814222
-0.51700271
-1.2697469
-1.3043265
-0.98450764
-1.3238549
-1.6034172
0.73133191
-1.0544256
-0.87990298
-1.2552307
-0.48453854
-1.3265356
-1.2670104
-1.5055543
-1.0938063
-1.3568663
-1.2995908
-1.5786754
-1.5647527
-1.1691575
-1.3327095
-0.46998045
-1.3697015
-1.2095946
-0.39820192
-1.0693342
-1.1124764
-1.3595594
-0.92394722
-1.5384062
-0.99595055
-1.1102656
-1.3931874
-1.05613
-1.3124102
-1.467691
-1.3032423
-1.3702058
-1.0562154
-1.2139802
-1.5367262
-1.1307384
-1.6337632
-1.3819022
-0.6335679
-1.0957289
-0.91481784
-1.2592355
-1.1437633
-0.41438526
-0.96103308
-1.3485692
-1.4262772
-1.2734848
-1.8375705
-1.150581
-1.2033044
-1.242364
-0.96232525
-1.4075155
-1.4902572
-1.225995
-1.3278253
-1.1692041
-1.2580237
-1.2362354
-1.2515909
-1.290316
-1.6037869
-1.2347853
-0.73670729
-0.28892872
-0.92835277
-1.4457764
-1.3174051
-1.2084106
-0.53154073
-1.2130085
-1.3171765
-1.4827044
-1.0992301
-1.4875579
-0.81497952
-1.3904796
-1.3811819
-0.95386631
-1.3656278
-1.4493102
-0.79173582
-1.2721666
-1.3661481
-0.83084277
-1.0309149
-1.3878844
-1.2810016
-1.2998918
-1.3219944
-0.84228028
-1.4085916
-1.1512786
-1.5601288
-1.3770148
-1.0405178
-1.458118
-1.5065204
-0.85736017
-1.1039302
-1.4707516
-1.2465129
-0.89590852
-1.1767009
-1.1013058
-1.1496429
-1.3446138
-1.1108581
-1.3487165
-1.2640726
-1.2601998
-0.99102948
-1.0738693
-1.2155157
-1.1298626
-1.1768479
-1.1978901
-1.6336847
-1.2897685
-1.2464537
-1.3898109
-1.2243558
-1.3639909
-0.88867641
-1.6291825
-1.4146189
-1.5701163
-1.1259034
-0.90381545
-1.2097938
-1.2314855
-0.89988388
-0.96635415
-1.2891522
-1.1296521
-1.2705801
-1.6398435
-1.4495691
-1.3611648
-1.0608904
-1.4779247
-1.0121249
-1.2915634
-1.1026352
-1.3789182
-1.407875
-1.2648609
-0.85777642
-1.1307073
-1.2162191
-1.3370366
-0.86102443
-1.2502159
-1.0792027
-1.2528029
-1.598925
-1.149234
-1.3726141
-0.97998619
-1.0780711
-1.3482112
-1.7137587
-1.3406593
-1.0368209
-1.3152961
-1.47862
-1.1308921
0.64831658
-1.0898516
-1.4124393
-1.5587405
-1.5126141
-0.88947647
-0.4008826
-0.9459161
-1.7497416
-1.2868255
-0.78477388
-1.436004
-0.97448296
-0.81020898
-0.96635572
-1.2211863
-1.0481117
-1.0664144
-1.2430214
-1.3767969
-1.0823881
-1.2706734
-1.4432525
-1.5172595
-1.1256015
-0.85056488
-1.3366622
-1.0039633
-0.74901247
-1.1576316
-1.0645947
-1.3677862
-1.6232138
-1.3935405
-1.2267969
-1.2336716
-0.9517773
-0.86798313
-1.4878086
-1.3810232
-0.81814812
-1.290486
-1.572946
0.020600654
-1.1774112
-0.95346799
-0.89993869
-1.3820573
-1.1799888
-1.0034724
-0.36887598
-1.1152042
-0.57364379
-0.98430475
-1.1886888
-0.94126847
0.63836147
-1.5064781
-1.4877769
-1.301573
-1.4069064
-1.2174622
-1.4205576
-1.0086367
-1.1315018
-1.0248732
0.11691033
-1.1840343
-1.0691008
-1.0391409
-1.2234958
-1.2860603
-1.2775497
-0.89981788
-1.0046263
-1.2806124
-0.9880805
-1.2946258
-1.4803623
-0.82132909
-1.0362291
-0.76869709
-1.72378
-0.95281109
-1.3398889
-0.64173851
-1.3586306
-0.35541659
-0.85578433
-1.5060541
-0.82797235
-1.1585689
-1.2860398
-1.2766631
-1.4588236
-1.5028726
-1.0716878
-0.059042788
-1.6567028
-1.6255515
-1.281945
-1.0169334
-1.3891687
-1.0167224
-1.2486925
-1.1066527
-1.2939509
-1.0138195
-1.2349806
-1.4892677
-1.3112748
-1.1115808
-1.1864419
-0.97020844
-0.88949828
-1.3216049
-1.1196616
-1.3250233
-1.2417157
-1.5509913
-1.3556978
-1.3242588
-1.5050485
-1.2689767
0.68136704
-1.4416419
-1.2302331
-1.3483493
-0.49098414
-1.3136497
-0.74079624
-1.4458267
-0.8968576
-1.4166668
-0.95923751
-1.2614267
-1.0188126
-1.3481662
-1.1860339
-0.80566916
-1.3742754
-1.378527
-1.4882167
-1.1474893
-0.98238849
-1.424971
-1.3280754
-0.82085612
-0.33146832
-1.0791294
-0.82581805
-0.7043066
-0.99205695
-0.77306256
-1.2243909
-1.2565873
-0.83590848
-1.3425562
-0.97311557
-1.3544596
-1.4834112
-1.477349
-0.86977457
-1.211668
-0.74654069
-1.2303712
-1.265555
-1.3749429
-0.88308523
-1.1854763
-1.1748797
-1.5810603
-0.64561779
-1.0737067
-1.4485473
-1.6265949
0.26278924
-1.1049511
-1.4133407
-1.3644599
-1.3274473
-1.210861
-0.77215411
-1.6606858
-1.4122202
-0.67734933
-1.3580314
-1.4973011
-1.1884558
-0.64792572
-0.81101188
-0.98088921
-0.93699822
-1.2426035
-1.3751589
-1.2997385
-1.1259084
-1.1318248
-1.5378428
-1.6416914
-0.89413112
-1.0599237
-1.0008117
-1.3684472
-0.32489561
-1.2061604
-1.1429413
-1.5797421
-1.2080144
-0.83388042
-1.3079364
-0.20061873
-1.4207849
-0.52443728
-1.311572
-0.80213232
-0.99007777
-1.5288049
-1.2141912
-1.2426904
0.41666329
-0.36542531
-1.2746745
-1.3333462
-1.487651
-1.3774411
-0.95244685
-1.5299256
-1.3659606
-1.3965965
-1.0867829
-0.44641987
-1.1122936
-1.6659809
-0.56695423
-1.3327848
-0.79508125
-1.2117092
-0.97669087
-1.1998094
-0.84549404
-1.2879116
-1.329864
-1.1346299
-1.3695898
1.0065157
-1.2323272
-1.2793434
0.60604391
-1.5615843
-1.1349052
-1.0929569
0.038218466
-1.6686651
-1.4038441
-0.75843769
-0.90689155
-1.594477
-1.4187155
-1.1770075
-1.2717601
-1.4895161
0.67787366
-1.3527805
-1.0929444
-1.1935463
-0.73251581
-1.8800724
-1.29574
-1.4416573
-1.031644
-1.4264361
1.4807483
-1.4827501
-1.4305264
-0.85048853
-1.1631496
-1.5066875
-0.50936748
-0.30624577
-1.0898624
-1.4103203
-0.35463764
-1.6186851
0.41119244
-1.2007403
-1.1109573
-1.4293613
-1.3196576
-1.2479527
-0.80316868
-1.1531937
-0.88283772
0.28230019
-1.4944898
-1.2059291
-0.80370979
-0.25326161
-1.2937764
-1.2337754
-1.1455236
-1.0353027
-0.86466098
-1.3768949
-1.2243966
-1.1269122
-1.1192312
-1.4034387
-0.97638609
-1.1495713
-1.185539
-1.4890417
-0.93403241
-1.3030545
-1.5040126
-0.4972254
-1.6284671
-1.1790338
-0.71388465
-1.3669503
-1.0034961
-1.3983672
-1.249289
0.56415973
-1.2151259
-0.68415309
-1.4388606
-0.89130539
-1.1547639
-0.84296296
-1.2922875
-1.6065156
-1.4795069
-1.4504872
-1.132752
-1.1041305
-1.1089443
-0.47156072
-1.4912186
-0.70964485
-1.1103329
-0.80521587
-1.1778562
-1.2927996
-0.046803637
-0.94786539
-1.5193608
-1.5160322
-1.0280603
-1.1920996
-0.89363435
-1.2384416
-1.2955594
-0.39257918
-0.39643102
-1.4887428
-0.83550188
-0.76442057
-1.2369066
-1.1095969
-1.215455
-0.88693566
-0.55145409
-0.90722489
-1.1568119
-1.1674568
-1.2812448
-1.0674492
-1.3075328
-1.2049485
-1.1972235
1.4598968
-1.2097513
-1.3743678
-1.0483726
-1.2263023
-1.4912559
-0.89195513
-0.87197503
-1.6967355
-0.49407954
-1.4534883
-1.1293927
-1.4388042
-1.4092524
-1.5458673
-1.0668794
-1.2962527
-1.3781596
-1.4752126
-1.1367269
-1.0183271
-0.67731929
-1.2605772
-1.0985986
-1.0282183
-1.1035087
-1.2609144
0.86242759
-1.7762847
0.066191624
-1.5020887
-1.7604056
-1.0056439
-1.3798878
-0.95509027
-1.0677337
-1.3358872
-1.0949304
-1.3524153
-0.90930731
-1.5098901
-1.6536537
-0.69756167
-0.64009183
-1.1850833
-1.2951505
-1.089294
-1.460652
-1.0922184
-0.86419409
-0.74507492
-1.1968719
-1.1898067
-0.9588568
-1.1273322
-1.3166461
-1.0090687
-1.2334924
-1.4576295
-1.4310897
-1.0395271
-1.1873162
0.05503432
-1.484461
-1.4216512
-1.2720993
-1.5200643
-1.3091008
-1.4200998
-1.5432409
-1.1729172
-0.96691283
-1.275461
-1.2034517
-1.0215482
-0.86637653
-1.7818064
-1.1987463
-0.86081381
-1.3079039
-1.0197676
-1.4127152
-1.006803
-0.41393727
-1.2317651
0.50890929
0.20124736
-2.1444723
-0.77693602
-1.2861897
-1.3924509
-0.79326952
-1.3692387
-1.5487536
-1.0658593
-0.47960522
-0.94817049
-1.2637532
-0.6939029
-1.3534494
-1.254946
-1.210624
-1.1546991
-1.5593279
-1.9358123
-0.9457557
-1.5499305
-1.1617086
-0.98606709
-1.3889099
-1.1270633
-1.4381496
-1.1352294
-0.97395158
-1.5228832
-1.009669
-0.5712344
-0.46945697
-1.1423105
-1.2357971
-0.89644475
-1.1083
-1.7864858
-1.3999728
-1.2959432
-0.59467416
-0.71748965
-1.3508313
-1.1673106
-1.3345434
-1.3478147
-1.0761624
-1.0416805
-1.5556392
-1.1366431
-1.5728839
-1.2375996
-1.4872762
-1.2581206
-0.71379868
-1.1590455
-1.3411842
-1.2837677
-1.2614965
-1.1041806
-1.2537954
-0.99714683
0.28105692
-1.1892588
-1.1914592
-0.90467998
-1.232693
-1.1320994
-1.3755365
-1.2691898
-1.1828627
-1.4978742
-1.0564227
-1.2702145
-1.268522
-1.1918049
-0.77054109
-1.2187492
-1.4145812
-1.112717
-1.4800797
-0.91287524
-1.0043133
-1.2382766
-1.3956495
-1.3815626
-1.2512334
-1.1103566
0.058127153
-0.7513478
-0.9006257
-1.1282032
-1.2059938
-1.1607372
-0.90359012
-1.4597616
-1.2955355
-1.4136692
-1.097254
-1.3477674
-1.6189889
-1.38915
-1.1552139
-0.78913848
-1.3966529
-1.456278
-1.293719
-1.1389142
-1.093018
0.16191808
-1.1277441
-1.2211568
-0.67705954
-1.5372216
-0.99223865
-0.84212308
-1.5073024
-0.7106363
-0.83222681
-0.1690493
-1.6136436
-0.94704884
-1.1138765
-1.085312
0.15950829
-1.2833737
-0.51563655
-0.95754699
-0.91786304
-1.154226
-1.1488877
-1.1266737
-1.0848307
-1.6412195
-1.1136998
-1.0839426
0.91882164
-1.6368146
-1.3616383
-1.3576887
-0.96991718
-0.96957029
-0.92083414
-1.2100869
-1.2316427
-1.4872507
-1.3442163
-1.3332202
-0.86486396
-1.4237952
-1.0579487
-0.8202402
-1.0115564
-1.1949828
-1.2338097
-1.3391208
-1.3065654
-0.89508303
-1.4645966
-0.88148557
-1.243573
-1.4550357
-1.146111
-1.3343872
-0.69411472
-0.95319431
-0.67684243
-2.0022862
-1.4211492
-0.1824963
-0.95143681
-0.86416951
-1.4032745
-1.3575709
-0.26413837
-1.6367682
0.31333818
-1.3176262
-1.1283877
-0.58974675
-1.1512339
-0.86491573
-1.2310169
-1.309063
-1.2474403
-1.006137
-0.97234483
-1.4826998
0.34270529
-1.127941
-1.4602019
-1.2602075
-1.6227315
-1.4814879
-1.2484262
-1.2473381
-0.9535653
-0.54911807
-1.480488
-1.2100959
-1.1847087
-0.80998234
-1.1169333
-1.3856304
-1.0453777
-1.1230258
-1.4934571
-1.5737955
-0.9734979
-1.4938372
-1.1528078
-0.58721589
-1.1375752
-0.99366855
-0.65248114
-1.1932839
-1.3313939
-1.4090516
-1.3138463
