-1.0326733
-1.4300755
-1.5056398
-1.2669661
-1.4634601
-1.1421074
-0.51438345
-1.3618253
-1.4666939
-0.33182947
-0.94843704
-1.1908761
-1.0874958
-0.44629307
-1.4875152
-1.2830441
-1.3264252
-0.27335881
-1.4370847
-1.1794854
-1.0611889
-1.3324691
-1.2317978
-1.4783587
-1.4801612
-1.176932
-0.89800366
-1.0602671
-0.93087652
-1.2813496
-0.70509629
-0.73288568
-1.2213957
-1.348446
-1.6685111
-0.55752411
-1.3607573
-1.2397506
-1.0319494
-1.0605468
-1.48801
-0.99071475
-1.6615595
-0.90503288
-1.1993758
-1.4451447
-1.1465462
-0.9780477
-1.2205244
-1.3269801
-0.9210336
-1.3221503
-1.2392555
-1.0757024
-1.3102263
-1.5068907
-0.34748462
-0.95484394
-0.73742443
-1.5503229
-1.3178716
0.19049247
-1.0518614
-1.408601
-1.1897427
-1.2900312
-1.3416284
-0.96876465
-1.2910773
-1.4373925
-0.72155625
-1.4722678
-1.4907646
0.073397674
-1.2742403
-1.418364
-1.3860142
-1.1374132
-1.3011348
-1.1413627
-1.2827482
-1.1872808
-1.1111073
-1.1307211
-1.2736742
-1.2422489
1.0048339
-1.089258
-0.0500196
-1.1413577
-1.2368682
-1.7132835
-1.2837141
-0.79279227
-1.488908
-1.3460417
-1.1196757
-1.1036361
-1.2448659
-1.3359523
-0.53342591
-1.8610273
-0.94651851
-1.3954796
-0.92769883
-1.0833198
-1.4921104
-1.0944942
-1.2140936
-1.2409706
-1.2701449
-0.71119095
-0.81924418
-1.3002309
-1.2054904
-1.9356736
-1.0604878
-1.1054297
-1.5527849
-1.3160025
1.0863698
-1.3477878
-1.3502502
-1.2749798
-1.4118225
-1.3333729
-0.99294206
-1.2092575
-1.1180455
-1.152938
-0.92212434
-1.4757792
-1.5326944
-1.0438311
-1.0192129
-1.8499024
-1.1604543
-1.1515098
-1.2094935
-0.91032552
-1.4550518
-1.0166204
-0.21618394
-0.94312946
-0.51065393
-1.26769
-1.2254067
-1.1890843
-1.3036392
-1.3911367
-1.6553354
-1.2857104
-1.1134106
-1.4084823
-1.0593317
-0.96816319
-1.1958775
-1.2780602
-1.3283119
-1.2430808
-1.0364582
-0.43750164
-1.7118154
-1.1199208
-1.073934
-0.86965501
-1.4386568
-1.2732656
-1.2747623
-1.2703124
-1.2125069
-1.2052667
-1.2190372
-0.9957949
-0.74136679
-1.1637145
-1.3258943
-0.89353608
-1.4230322
-0.67541775
-1.1779315
-1.348439
-1.0424264
-1.1869564
-1.0495305
-1.4631934
-1.2417491
-1.2639909
-1.1649697
-1.3269587
-1.423356
-0.92333206
-1.5162713
-1.4437207
-1.2719249
-1.6647127
-1.4636639
-1.0871573
-0.28511473
-1.1215588
-1.0769107
-0.4521945
-1.1679254
-1.5568845
-1.188246
-1.097597
-0.39141203
-1.1314696
-1.4385835
-0.41544413
0.17224924
-1.0759355
-0.69068828
-0.93884342
-1.0292028
-1.1088321
-1.1326144
-1.205579
-0.90886634
-1.1799622
-1.2981438
-1.0727927
-0.62750037
-1.1808127
-1.1000043
-1.4197625
-1.3997272
-1.2879976
-0.63031279
-0.9908484
-1.2745553
-1.173174
-1.5551754
-1.4626153
-1.3574577
-1.1251654
-1.202498
-1.2154406
-1.2563814
-1.2007836
-1.3919315
-0.56410171
-1.3436473
-1.0400292
-0.92115701
-1.3811181
-0.92062731
-1.1349789
-1.6515479
-1.3640941
-1.4277264
-1.1543997
-0.96822566
-1.0758426
-1.1228405
-1.3144997
-0.93399035
-0.88139428
-1.0696879
-1.3188401
-1.3885834
-1.1601429
-1.3737089
0.45206705
-1.2072681
-1.7536639
-1.3505705
-1.3159545
-0.86530518
-1.6154676
-0.62539766
-1.2056519
-1.2557257
-1.1899903
-1.2543083
-1.3051837
-1.58322
-0.87527008
-1.1645069
-0.4542034
-0.66201465
-1.0237191
-1.1609872
-1.10199
-0.71101159
-1.1813515
-1.4426489
-1.1102899
-0.78723859
-1.0214912
-1.5171413
-0.92235823
-1.5371522
-1.1597261
-0.76166611
-1.1409179
-1.2615917
-1.6999075
-1.0547407
0.2045659
-1.3212354
-1.2293113
-1.2223219
-1.4773993
-1.489739
-1.0471784
-1.2254602
-1.2671818
0.22440229
-1.0010447
-1.0367769
-1.0306945
-1.0543735
-0.89616518
-1.2112487
-1.3132626
-1.009254
-1.186358
0.2272873
-1.0918653
-1.3445528
-1.0180589
-0.25934615
-1.1631599
-1.2366687
-1.4023378
-1.2512828
-1.083865
-1.2611959
-1.3112181
-1.041792
-0.97411096
-1.3787071
-1.4571185
-1.2277605
-1.2274248
-1.2564876
-1.1617994
-1.2624656
-1.198836
-1.3221
-1.2469674
-1.1962908
-0.88221053
-1.3534473
-1.1524997
-1.025249
-1.3652725
-0.79011698
-0.91711779
0.073574375
-1.3641926
-1.4319899
-1.333737
-1.3858915
-1.4406399
-1.069838
-1.3498223
-1.2545175
-1.2680951
-1.8031451
-1.1927289
-1.2556244
-1.269023
-1.2337381
-1.2701312
-1.4018997
-1.106132
-1.0866021
-1.4473921
-1.3057534
-1.1437067
-1.6025024
-1.0862045
-1.2353331
-0.41837523
-1.2549981
-0.98562363
-1.350799
-0.96216348
-1.4359344
-1.2529409
-0.065554711
-1.4938047
-1.5035051
-0.27007488
-1.2429905
-0.88213085
-0.95029021
-1.2068297
-1.202879
0.16900378
-1.2964108
-1.6258373
-1.2761827
-1.7155756
-1.1626093
-1.3244726
-0.54889354
-1.228108
-1.2018215
-1.1505314
-0.97409604
-1.2223226
-0.82787678
-0.90499942
-1.1602427
-1.3723933
-1.1496465
-1.2428589
-1.0116118
-0.60616172
-1.2487257
-1.1863728
-1.1081656
-1.4294731
-0.71566056
-0.33250031
-1.0796655
-0.69000608
-1.0214334
-1.1685104
-0.92665243
-1.3501013
-1.1820724
-1.1254348
-1.2435311
-1.0546103
-1.185605
-1.2762135
-0.68605122
-1.3125414
-1.1843674
-1.6791087
-1.0720023
-1.6495027
-1.0264693
-0.75038135
-1.180453
-1.7086417
-1.0358561
-1.0526413
-1.307031
-0.91684323
-1.076045
-1.3105902
-1.1333893
-1.1869225
-1.2535271
-1.8563377
-1.0925046
-1.1050401
-0.99998114
-1.0881305
-0.63410332
-1.4710481
-1.3338292
-0.99967899
-1.0018645
-0.80839283
-1.5572705
-1.0422694
-0.7414269
-0.91641279
-1.3398257
-1.1923414
0.23847759
-0.90752486
-1.2697131
-1.5270432
-1.1182644
-1.2665885
-1.2813263
-1.526382
-0.28284453
0.74972676
-1.5409371
-1.5095329
-1.358748
-1.4980796
-1.0560871
-0.85013815
0.16486293
-1.283181
-0.94670574
-1.2416395
-1.3959225
-0.82098059
-0.7938305
-0.83514495
-1.4491223
-1.1361197
-1.3117274
-1.1530153
-1.0046734
-1.15115
-0.7152896
0.044786564
-0.93321465
-1.421318
-0.80803369
-1.3470928
-1.1131446
-0.20353649
-0.96408359
-1.3851156
-1.1103942
-1.1869657
-1.1187601
-1.122698
-0.33434794
-1.0253968
-1.220958
-1.0045215
-1.4999585
-1.114393
-1.1008866
-1.3584868
-1.3912655
-1.5949837
-1.4509143
-1.1028154
-1.1226293
-0.98793538
-1.11379
-1.3039339
-1.2313033
-1.3614763
-1.2572551
-1.2708356
-1.2184182
-1.0574949
-1.1923772
-1.5222195
-0.42871997
-0.60326316
-0.77780069
-1.3528799
-1.2536582
-1.0124229
-1.084089
-1.0034287
-1.0749838
-1.3636226
-0.99577788
-1.3476477
-1.0849756
-0.96033264
-1.3251556
-1.0727405
-0.50275904
-0.97510921
-1.1375876
-1.1560237
-0.98253124
-1.2491226
-0.94516872
-1.2895164
-1.2652931
-1.3340633
-1.15142
-1.3498372
-1.3854362
-0.96289066
0.4428265
-1.3667213
-0.78783491
-0.93149057
-0.80614219
-1.1959364
-1.4636736
-1.1086679
-1.8126465
-0.87108942
-1.1952733
-1.3816027
-0.23571458
-0.026142112
-1.2421139
-1.3646756
-0.99050026
-1.1765907
-1.4344468
-1.0600901
-1.4123032
-1.311414
-1.4656314
-1.3162115
-1.4824765
-0.92546348
0.34708871
-1.512711
-1.5450937
-1.0356069
-1.25834
-1.383467
-1.5688454
-1.2646854
-1.1303377
-1.0956374
-0.94522125
-1.223574
-1.1087957
-1.3826432
-1.080505
-1.152506
-0.90340546
-1.0618871
-1.3797228
-1.6027141
-1.4102339
-1.1590558
-1.0839705
-0.86739754
-0.89451633
-1.8119328
-1.5669601
-1.5119865
-1.4680722
-1.4224439
-1.4219139
-1.6444445
-1.1140933
-1.51084
-1.3955796
-1.0164169
-1.4860969
-1.243389
-1.2371232
-1.3568012
-1.0889424
-1.2422864
-0.93920506
-1.2238066
-1.2693041
-1.4083263
-1.3094061
-0.93106547
-0.83753132
-1.158979
-1.2393112
-1.6210893
-1.2644548
-1.0260681
-0.95209979
-0.76309238
-1.0931827
-1.8862115
-1.2205892
-0.70807977
-1.1794046
-1.1867335
-1.0900018
-1.0773858
-1.3941676
-1.5467411
-1.4941167
-0.91162516
-0.5616226
-0.98366058
-1.1774752
-1.1634047
-1.3988914
-1.2951262
-1.2906232
-0.19670169
-1.6017127
-0.98451637
-1.3736245
-1.6962507
-1.3995251
-1.1544176
-0.19594862
-1.5553396
-1.3854502
-1.1199455
-0.66109878
-1.6728249
-1.3457223
-1.2217573
-0.63603476
-1.017389
-0.93223146
-0.46578239
-1.2399171
-0.90349974
-1.9703154
-1.1292553
-0.92677611
-0.96384441
-1.0981506
-1.2363798
-1.3386125
-1.1117333
-1.7003024
-1.0755997
-1.2665221
-1.2295924
-0.96363534
-1.2163096
-1.3031222
-1.1933733
-0.79073266
-1.3444565
-0.048252354
-1.0010161
-1.1288294
-1.0147803
-1.2086499
-0.47527255
-1.1339242
-1.1086012
-1.2043138
-1.0995488
-1.3490622
-1.2012056
-0.71720232
-1.7518896
-0.87179629
-1.0877487
-1.0798416
-1.4441378
-1.2162721
-0.97262864
-1.1589113
-1.244448
-1.2651734
-1.6479074
-1.0580975
-1.4815839
-1.1597332
-0.74720829
-0.92634142
-0.91582692
-1.3131059
-1.2849114
-1.2627159
-1.0663537
-1.2193141
-1.1073654
-1.1125535
-1.335463
0.32872659
-0.96521351
-1.0263522
-1.5509009
-1.1218033
-0.30143085
0.75312595
-0.28135921
-0.82054284
-1.3232375
-0.80794023
-0.76521125
-1.3190059
-0.77973972
-0.62800665
-0.78532972
-1.1340409
-0.7985585
-1.7612958
-1.0000385
-1.2951858
-0.78563114
-1.5595966
-1.3941405
-0.49851733
-1.0516784
-1.5849576
-0.56901096
-0.92765373
-0.62876879
-1.8300156
-0.7538352
-1.4125621
-0.98761957
-1.3641266
-1.5101313
-1.156949
-1.2023586
-1.0930016
-1.2433657
-1.3048725
-1.2418697
-1.0182569
-0.93775289
-1.411602
-1.3862972
0.29419328
-1.638288
-1.3078545
-1.1375517
-1.3525993
-0.96085488
-0.55377379
-1.1351905
-1.2651092
-0.92732965
-1.1214384
-1.3412576
-1.3608188
-1.1550011
-1.0616362
-1.3840199
-1.3795018
-0.83812193
-1.1846087
-0.84614355
-1.2713749
-1.392931
-1.1604234
-1.0713856
-1.4045361
-1.15894
-1.3050959
-1.2190482
-1.1075282
-1.9034818
-1.5643262
-1.4814689
-0.53710892
-0.82136255
-1.0180431
-1.0971236
-0.9054545
-1.3096383
-0.77519348
-1.2511446
-1.2284296
0.0022170943
-1.2068878
-1.4143567
-1.4176339
-1.0724712
-1.0876331
-1.7979757
-1.2855892
-1.1811291
-1.2403067
-0.9044387
-0.92634829
-0.90026556
-0.89063795
-1.5340895
-1.6104908
-1.5877175
-1.5360555
-0.98825149
-1.5474824
-1.3853121
-1.4656042
-1.1662971
-0.91989385
-1.5572746
-1.2356804
-0.49760674
-1.1556028
-1.0491802
-1.3557661
-1.4807591
-0.98584711
-0.058450612
-1.3461825
-0.28948201
-0.7361587
-1.2594913
-0.99724424
-1.658756
-1.1096127
-0.46283016
-1.0397044
-1.1977502
-1.147927
-0.92786629
-1.4310498
-1.6442138
-1.3497094
-1.2857848
-1.3290846
-1.2043382
-1.1160042
-1.2522772
-1.0659913
-1.1653217
-1.4969785
-1.4970323
-1.3622245
-1.1896207
-1.699273
-1.2718048
-1.209335
-1.5087359
-1.2428316
-0.82022606
-0.96097123
-1.6043338
-1.4708797
-1.2571646
-1.1245884
-0.98827901
-1.0303459
-1.0839426
-1.2157456
-0.7535508
-1.379223
-1.3488259
-1.2760786
-1.3635834
-1.4090661
-1.249834
-1.296158
-1.1651102
-1.1061603
-1.2012596
-1.0385097
-1.294019
-1.2623977
-0.86085551
-1.6309198
-1.6282635
-1.4992332
-0.68390701
0.1052892
-1.1561208
-0.47399869
-1.2426338
0.79899854
-1.3233349
-1.1226036
-1.0798657
-1.067802
-1.3075284
-1.4267878
-1.2765422
-0.99176466
-1.742317
-0.93244374
-1.4078892
-1.1581522
-0.960185
-1.0696641
-1.8274639
-1.2662661
-1.0612524
-1.246216
-1.3486697
-0.96844076
-1.5904712
-1.5672371
-0.32924178
-1.5004278
-1.5959042
-1.3736777
-0.49040618
-1.1434257
-1.0269436
-1.28176
-1.1122287
-1.219408
-1.4670117
-1.1004827
-1.4346381
-0.79818242
-0.99909472
-1.3705439
-0.55856646
-1.2465347
-0.94484017
-1.1479866
-1.2601471
-1.2147898
-1.2058966
-1.248175
-1.1895088
-1.4880612
-1.3291044
-0.62069139
-1.2258644
-1.2818667
-1.3865039
-1.2198192
-1.5426158
-1.1727149
-0.55561938
-1.2521842
-1.2456566
-1.3371578
-1.3243573
-1.1888296
-0.92129236
-1.4046655
-1.1621647
-1.299686
-0.94805034
-1.3998883
-1.2096891
0.44662732
-0.54229574
-1.1627591
-1.0069501
-1.0950214
-0.17283541
-1.2956947
-1.0268632
-1.178944
-1.1783565
-1.6564993
-1.2339245
-1.3214584
-1.388709
-1.1143543
-1.0808361
-1.3108662
-1.4813146
-1.2358447
-1.5002175
-1.5179954
-1.2226213
-0.34778231
-1.0279308
-1.2508925
-1.1023674
-1.2384341
-0.63706129
-1.1653387
-1.3999647
-0.89670481
-0.92092037
1.0606819
-1.2707128
-1.2758156
-0.83151951
-1.1701972
-1.2784018
-1.0113682
-0.92223088
-1.4201234
-1.3136054
-1.3543498
-0.91989194
-1.0087903
-1.5330129
-0.79855757
-0.922252
-1.0274731
-1.4240351
-1.1055437
-1.1971987
-1.4066851
-0.91897032
-0.88685214
-0.78687742
-1.1511066
0.62166299
-1.5357989
-0.01940824
-1.5046789
-0.82419419
-1.0566998
-1.090789
-1.1792533
-0.82817954
-0.58053123
-1.047472
-1.5037315
-0.82455703
-1.3992858
-1.3000199
-0.89345526
-1.1440544
-1.3737112
-0.75500386
-1.1395506
-1.5652202
-0.80310978
-1.300316
-0.91271709
-0.71465109
-1.4541125
-1.3180322
-1.0205391
-1.4355183
-0.74406969
-1.189156
-1.2339674
-0.86306581
-0.67819632
0.28544989
-1.1062905
-1.1515976
-1.5053976
-1.7444454
-1.1092193
-1.3911116
-1.1178232
-0.80680325
-1.2117052
-0.72465922
-0.42673611
-1.2517475
-0.95661809
-1.0586752
-1.0951936
-1.2382898
-1.1612677
-0.88191677
-1.040097
-1.3207462
-0.54181257
-1.3530626
-0.95946844
-1.4340622
-1.0783914
-0.42107583
-1.1907829
-1.2805451
-1.2809983
-0.96902971
-1.3381598
-1.4296576
-1.1130447
-1.3739809
-0.42388837
-1.2262487
1.1736669
-1.2271422
-1.2865999
0.23104758
-1.0073302
-1.1383487
-0.87610508
-1.429592
-1.1142839
-1.3043557
-0.64052286
-0.8654716
-1.2621741
-1.331479
-1.0543948
-1.578176
-0.66131111
-1.2340058
-1.4138224
-0.93410937
-0.9643631
-1.61895
-1.2983879
-1.3175674
-1.148691
-1.0986296
-1.2246298
-1.1821675
-1.2180926
-1.4022681
-1.3241387
-0.71299725
-0.34816686
-1.0577218
-1.1835146
-1.6515018
-1.4420893
-1.0982886
-1.2581966
-0.34758711
-1.194524
-0.52452921
-1.4733019
-0.63765153
-1.3785812
-1.6157214
-1.6599788
-1.0537683
-1.2018711
-1.0178501
-1.2279485
-1.141797
-0.77153476
-1.2961374
-1.2570499
-0.4314562
-0.94103217
-0.25876213
-1.2070654
-0.90942238
-1.6330313
-1.30588
-1.1966287
-1.2031101
-1.2666068
-1.1532971
-1.6092089
-1.0038036
-1.0962836
-1.4104635
-1.3916246
-1.7233246
-1.1155763
-1.5971106
-1.1725079
-1.2752895
-1.1029706
-1.169871
-1.4252584
-1.1439964
-1.3684126
-1.2732767
-0.7442424
-1.0101867
-0.9301095
-1.0908261
-1.2513294
-0.94326963
-0.027119476
-1.1521213
-1.5943246
-1.3403598
-1.4513976
-1.4134475
-1.299428
-1.5807424
-1.0622276
-1.259175
-1.2774547
-0.75327657
-1.4724417
-1.4690483
-1.5838709
-0.36894274
-1.3462595
-1.0231131
-1.3157819
-1.3240409
-1.1995849
-1.4695544
-1.7533103
-0.86533906
-0.94168927
-1.2539525
-0.87599733
-1.1019341
-1.212798
-0.96134174
-1.0299028
-0.12727822
-1.3947515
-0.657563
-1.2727487
-1.3894131
-1.2416687
-0.91545172
-1.325214
-1.4127655
-1.498351
-1.39874
-0.80622375
-1.1270057
-1.1763898
-1.406437
-1.2232296
-0.088605003
-1.2321483
-1.3054416
0.22072631
-1.1872622
-1.3720323
-1.2363152
-1.4521423
-1.5157665
-1.4562239
-1.1390503
-0.42913364
-1.4889951
-1.1492695
-1.4710196
-1.2483754
-1.2541361
-1.1030346
-1.1000771
-1.3213194
-1.2962649
-1.2187136
-1.2283424
-1.3784839
-1.4685876
0.27424636
-1.1770787
-1.3592541
-1.6474456
-1.5502364
-0.69819224
-1.2877632
-1.179307
-0.83540679
0.53259665
-1.0842947
-1.2448457
-1.1570105
-0.84068342
-1.2112725
-1.5205835
-0.84494703
-1.3278032
-1.1042048
-0.88348335
-1.1133793
-1.580657
-0.99547337
-1.3813013
-1.2773827
-0.9326342
-1.4542838
-1.3122359
-1.348509
-1.2133959
-1.2704667
-1.5252119
-1.0782315
-1.6348021
-0.58699313
-0.10016855
-0.83078151
-0.99192172
-1.3404075
0.2028607
-0.931147
-1.3737118
-1.346753
-1.2609127
-1.1970979
-1.638569
-0.59912345
-1.2468423
-1.0380981
-0.22630636
-1.2451044
-1.0851497
-1.1064723
-1.0859369
-1.1400144
-1.157677
-1.1273705
-1.0993594
-1.2429847
-1.1990631
-1.3359307
-1.290836
-1.0947102
-1.4882369
-1.1787568
-1.6324697
-1.0044582
-0.59064541
-1.105014
-1.2529135
-1.3719285
-1.2644343
-1.3624059
-1.413311
-1.4027746
-1.001449
-0.93834068
-1.2450249
-1.4239534
-1.2086067
-0.78074894
-1.0310829
-0.84857569
-1.0812679
-0.82993822
-1.3235824
-0.8331982
-1.1194284
-1.4884508
-1.4451133
-1.1915994
-1.3125108
-1.1313591
-1.2457256
-0.49034407
-1.8479925
0.066205413
-1.2440822
-1.3746875
-1.1479827
-0.81661528
-1.0946674
-0.85042964
-1.435354
-1.5299633
-1.0469212
-1.5381749
-1.2038462
-1.5426264
-1.3605199
-1.3392754
-1.1471713
-0.85469602
-1.6630996
-1.2097287
-0.69847927
-1.3069168
-1.3803624
-0.86345054
-1.4841966
-0.70738961
-0.1916889
-1.4479465
-0.75081461
-1.0512362
-1.2651381
-1.1751558
0.8952325
-1.6478664
-0.64940899
-1.0702291
-1.2661982
-0.93068811
-0.91459177
-1.3426972
-1.186938
-1.3756034
-1.251573
-1.5867218
-1.1799185
-1.1697361
-1.2140528
-1.4329855
-1.1165763
-0.63912291
-1.5162674
0.048315249
-1.533721
